6696,6556,6983,6081=6081,6556,6696,6983$
4208,4568,4076,4911=4076,4208,4568,4911$
8487,8929,8003,8145=8003,8145,8487,8929$
7673,7995,7290,7596=7290,7596,7673,7995$
7567,7369,7791,7426=7369,7426,7567,7791$
5500,5324,5156,5771=5156,5324,5500,5771$
2873,2497,2692,2960=2497,2692,2873,2960$
2412,2079,2324,2927=2079,2324,2412,2927$
3954,3177,3034,3618=3034,3177,3618,3954$
6601,6785,6547,6265=6265,6547,6601,6785$
1506,1429,1145,1755=1145,1429,1506,1755$
4599,4037,4782,4652=4037,4599,4652,4782$
6528,6118,6832,6755=6118,6528,6755,6832$
3541,3214,3612,3859=3214,3541,3612,3859$
9770,9309,9151,9089=9089,9151,9309,9770$
4544,4061,4815,4909=4061,4544,4815,4909$
1917,1344,1627,1063=1063,1344,1627,1917$
1997,1289,1184,1523=1184,1289,1523,1997$
2438,2853,2908,2110=2110,2438,2853,2908$
6765,6001,6317,6818=6001,6317,6765,6818$
7979,7533,7154,7874=7154,7533,7874,7979$
2408,2992,2622,2247=2247,2408,2622,2992$
7421,7812,7042,7958=7042,7421,7812,7958$
1768,1044,1838,1332=1044,1332,1768,1838$
7094,7847,7793,7394=7094,7394,7793,7847$
6327,6026,6836,6931=6026,6327,6836,6931$
5774,5045,5312,5811=5045,5312,5774,5811$
8948,8719,8577,8661=8577,8661,8719,8948$
6234,6086,6548,6416=6086,6234,6416,6548$
7212,7676,7170,7094=7094,7170,7212,7676$
8681,8110,8863,8467=8110,8467,8681,8863$
7389,7688,7883,7774=7389,7688,7774,7883$
2357,2880,2707,2686=2357,2686,2707,2880$
4083,4610,4704,4136=4083,4136,4610,4704$
3769,3427,3166,3601=3166,3427,3601,3769$
4626,4984,4576,4245=4245,4576,4626,4984$
9309,9666,9247,9739=9247,9309,9666,9739$
8253,8035,8555,8158=8035,8158,8253,8555$
3692,3720,3906,3437=3437,3692,3720,3906$
6023,6235,6954,6872=6023,6235,6872,6954$
7752,7560,7634,7084=7084,7560,7634,7752$
9979,9831,9496,9699=9496,9699,9831,9979$
8027,8202,8462,8369=8027,8202,8369,8462$
4731,4613,4213,4124=4124,4213,4613,4731$
9467,9738,9053,9963=9053,9467,9738,9963$
2811,2553,2636,2936=2553,2636,2811,2936$
7856,7620,7412,7593=7412,7593,7620,7856$
1280,1015,1512,1304=1015,1280,1304,1512$
5499,5199,5246,5500=5199,5246,5499,5500$
2326,2982,2211,2586=2211,2326,2586,2982$
9914,9058,9603,9895=9058,9603,9895,9914$
1115,1281,1958,1371=1115,1281,1371,1958$
3473,3646,3827,3084=3084,3473,3646,3827$
9541,9883,9983,9720=9541,9720,9883,9983$
7626,7932,7563,7138=7138,7563,7626,7932$
8957,8799,8232,8087=8087,8232,8799,8957$
3643,3067,3955,3504=3067,3504,3643,3955$
3388,3477,3777,3940=3388,3477,3777,3940$
6668,6844,6734,6981=6668,6734,6844,6981$
1039,1250,1420,1112=1039,1112,1250,1420$
6437,6291,6514,6023=6023,6291,6437,6514$
3535,3106,3730,3474=3106,3474,3535,3730$
9882,9695,9377,9901=9377,9695,9882,9901$
1764,1935,1156,1475=1156,1475,1764,1935$
2538,2405,2065,2904=2065,2405,2538,2904$
7623,7180,7501,7370=7180,7370,7501,7623$
4398,4489,4902,4120=4120,4398,4489,4902$
7768,7946,7617,7111=7111,7617,7768,7946$
4384,4287,4613,4135=4135,4287,4384,4613$
9650,9986,9119,9728=9119,9650,9728,9986$
2156,2928,2739,2017=2017,2156,2739,2928$
4396,4991,4782,4038=4038,4396,4782,4991$
5115,5709,5809,5265=5115,5265,5709,5809$
2749,2618,2114,2052=2052,2114,2618,2749$
9593,9169,9079,9853=9079,9169,9593,9853$
9837,9641,9936,9455=9455,9641,9837,9936$
3818,3914,3167,3518=3167,3518,3818,3914$
6880,6994,6447,6309=6309,6447,6880,6994$
1474,1096,1813,1357=1096,1357,1474,1813$
1584,1179,1222,1784=1179,1222,1584,1784$
1764,1555,1107,1446=1107,1446,1555,1764$
5310,5876,5545,5453=5310,5453,5545,5876$
5851,5583,5611,5222=5222,5583,5611,5851$
9512,9094,9893,9259=9094,9259,9512,9893$
8624,8037,8239,8732=8037,8239,8624,8732$
3201,3931,3889,3451=3201,3451,3889,3931$
5354,5002,5588,5917=5002,5354,5588,5917$
4608,4332,4975,4790=4332,4608,4790,4975$
8710,8927,8488,8500=8488,8500,8710,8927$
3223,3678,3149,3959=3149,3223,3678,3959$
2845,2677,2980,2029=2029,2677,2845,2980$
2591,2496,2757,2965=2496,2591,2757,2965$
9050,9174,9930,9421=9050,9174,9421,9930$
4918,4797,4217,4441=4217,4441,4797,4918$
8998,8251,8334,8186=8186,8251,8334,8998$
2935,2435,2257,2371=2257,2371,2435,2935$
4949,4611,4432,4574=4432,4574,4611,4949$
4431,4861,4972,4529=4431,4529,4861,4972$
4622,4093,4178,4578=4093,4178,4578,4622$
7017,7403,7240,7302=7017,7240,7302,7403$
5071,5115,5499,5807=5071,5115,5499,5807$
6355,6998,6422,6012=6012,6355,6422,6998$
2633,2739,2489,2176=2176,2489,2633,2739$
8783,8216,8052,8852=8052,8216,8783,8852$
8409,8267,8326,8642=8267,8326,8409,8642$
5142,5085,5740,5989=5085,5142,5740,5989$
5208,5509,5014,5359=5014,5208,5359,5509$
1861,1156,1343,1072=1072,1156,1343,1861$
6952,6466,6195,6580=6195,6466,6580,6952$
6535,6685,6959,6833=6535,6685,6833,6959$
8841,8174,8358,8546=8174,8358,8546,8841$
8237,8978,8357,8665=8237,8357,8665,8978$
7405,7877,7310,7978=7310,7405,7877,7978$
7801,7709,7084,7654=7084,7654,7709,7801$
6783,6559,6482,6353=6353,6482,6559,6783$
3592,3944,3277,3629=3277,3592,3629,3944$
1124,1943,1563,1284=1124,1284,1563,1943$
1118,1656,1959,1472=1118,1472,1656,1959$
2639,2515,2348,2810=2348,2515,2639,2810$
4081,4763,4184,4391=4081,4184,4391,4763$
7705,7354,7929,7136=7136,7354,7705,7929$
5597,5003,5414,5787=5003,5414,5597,5787$
4862,4056,4117,4291=4056,4117,4291,4862$
3487,3709,3279,3657=3279,3487,3657,3709$
2107,2565,2488,2720=2107,2488,2565,2720$
9651,9040,9348,9598=9040,9348,9598,9651$
3735,3666,3407,3581=3407,3581,3666,3735$
7102,7477,7234,7324=7102,7234,7324,7477$
8914,8097,8842,8448=8097,8448,8842,8914$
1003,1240,1756,1833=1003,1240,1756,1833$
6286,6303,6600,6485=6286,6303,6485,6600$
2406,2883,2504,2118=2118,2406,2504,2883$
1630,1039,1896,1264=1039,1264,1630,1896$
9040,9803,9797,9624=9040,9624,9797,9803$
8910,8071,8427,8126=8071,8126,8427,8910$
8841,8188,8468,8928=8188,8468,8841,8928$
8622,8218,8806,8483=8218,8483,8622,8806$
4874,4722,4191,4263=4191,4263,4722,4874$
7970,7435,7027,7870=7027,7435,7870,7970$
9004,9600,9302,9449=9004,9302,9449,9600$
6604,6913,6710,6246=6246,6604,6710,6913$
6321,6641,6524,6002=6002,6321,6524,6641$
8094,8255,8787,8836=8094,8255,8787,8836$
3075,3363,3264,3783=3075,3264,3363,3783$
5144,5945,5237,5814=5144,5237,5814,5945$
6859,6272,6750,6152=6152,6272,6750,6859$
3850,3731,3573,3117=3117,3573,3731,3850$
9136,9756,9696,9929=9136,9696,9756,9929$
3390,3223,3748,3921=3223,3390,3748,3921$
4095,4431,4639,4383=4095,4383,4431,4639$
6770,6845,6939,6266=6266,6770,6845,6939$
9502,9912,9779,9458=9458,9502,9779,9912$
5410,5772,5361,5933=5361,5410,5772,5933$
9428,9312,9587,9061=9061,9312,9428,9587$
5041,5255,5957,5689=5041,5255,5689,5957$
4029,4182,4350,4871=4029,4182,4350,4871$
2626,2048,2486,2510=2048,2486,2510,2626$
8995,8322,8062,8822=8062,8322,8822,8995$
8863,8564,8650,8255=8255,8564,8650,8863$
7451,7843,7932,7338=7338,7451,7843,7932$
6533,6675,6949,6270=6270,6533,6675,6949$
4769,4182,4306,4661=4182,4306,4661,4769$
7929,7816,7095,7536=7095,7536,7816,7929$
1692,1964,1471,1540=1471,1540,1692,1964$
3644,3503,3371,3741=3371,3503,3644,3741$
5842,5773,5913,5120=5120,5773,5842,5913$
5651,5794,5084,5425=5084,5425,5651,5794$
4004,4685,4357,4289=4004,4289,4357,4685$
2348,2918,2547,2824=2348,2547,2824,2918$
3431,3710,3088,3236=3088,3236,3431,3710$
8985,8407,8141,8898=8141,8407,8898,8985$
9086,9230,9681,9467=9086,9230,9467,9681$
4413,4556,4876,4732=4413,4556,4732,4876$
6323,6814,6043,6990=6043,6323,6814,6990$
1126,1533,1431,1865=1126,1431,1533,1865$
9304,9860,9060,9960=9060,9304,9860,9960$
1639,1485,1299,1538=1299,1485,1538,1639$
9574,9361,9458,9622=9361,9458,9574,9622$
9512,9734,9235,9132=9132,9235,9512,9734$
5716,5677,5078,5830=5078,5677,5716,5830$
3821,3948,3585,3218=3218,3585,3821,3948$
1710,1345,1454,1184=1184,1345,1454,1710$
4962,4817,4324,4002=4002,4324,4817,4962$
3222,3906,3725,3447=3222,3447,3725,3906$
8055,8470,8818,8622=8055,8470,8622,8818$
2463,2122,2915,2055=2055,2122,2463,2915$
8809,8371,8703,8549=8371,8549,8703,8809$
1228,1946,1389,1401=1228,1389,1401,1946$
6326,6550,6153,6620=6153,6326,6550,6620$
2907,2797,2072,2383=2072,2383,2797,2907$
2551,2853,2259,2047=2047,2259,2551,2853$
8906,8795,8318,8872=8318,8795,8872,8906$
7870,7110,7971,7572=7110,7572,7870,7971$
2884,2766,2500,2051=2051,2500,2766,2884$
3622,3180,3222,3812=3180,3222,3622,3812$
4305,4816,4266,4594=4266,4305,4594,4816$
2016,2994,2614,2461=2016,2461,2614,2994$
7303,7183,7899,7982=7183,7303,7899,7982$
1378,1239,1640,1855=1239,1378,1640,1855$
7536,7037,7673,7956=7037,7536,7673,7956$
8680,8306,8534,8742=8306,8534,8680,8742$
3931,3721,3295,3590=3295,3590,3721,3931$
9035,9424,9276,9144=9035,9144,9276,9424$
6147,6499,6501,6897=6147,6499,6501,6897$
7855,7514,7993,7146=7146,7514,7855,7993$
7862,7015,7431,7546=7015,7431,7546,7862$
5341,5079,5122,5818=5079,5122,5341,5818$
2294,2343,2804,2437=2294,2343,2437,2804$
4328,4847,4149,4632=4149,4328,4632,4847$
4828,4918,4443,4546=4443,4546,4828,4918$
2060,2435,2531,2305=2060,2305,2435,2531$
1834,1657,1242,1445=1242,1445,1657,1834$
9279,9035,9959,9775=9035,9279,9775,9959$
1253,1578,1834,1766=1253,1578,1766,1834$
3052,3498,3235,3722=3052,3235,3498,3722$
5125,5679,5793,5476=5125,5476,5679,5793$
2005,2504,2481,2850=2005,2481,2504,2850$
8893,8113,8782,8927=8113,8782,8893,8927$
1849,1344,1262,1985=1262,1344,1849,1985$
3100,3729,3588,3007=3007,3100,3588,3729$
3767,3696,3890,3385=3385,3696,3767,3890$
6850,6444,6716,6524=6444,6524,6716,6850$
3768,3114,3912,3464=3114,3464,3768,3912$
2004,2180,2278,2399=2004,2180,2278,2399$
3727,3892,3286,3505=3286,3505,3727,3892$
5137,5515,5675,5843=5137,5515,5675,5843$
1537,1884,1611,1019=1019,1537,1611,1884$
4842,4188,4405,4928=4188,4405,4842,4928$
4323,4778,4161,4579=4161,4323,4579,4778$
9578,9032,9164,9950=9032,9164,9578,9950$
2889,2614,2126,2781=2126,2614,2781,2889$
1421,1550,1128,1959=1128,1421,1550,1959$
7825,7246,7068,7586=7068,7246,7586,7825$
1013,1818,1300,1151=1013,1151,1300,1818$
8171,8800,8233,8629=8171,8233,8629,8800$
8329,8130,8494,8781=8130,8329,8494,8781$
5396,5422,5208,5847=5208,5396,5422,5847$
2175,2651,2310,2028=2028,2175,2310,2651$
5504,5153,5749,5236=5153,5236,5504,5749$
6095,6578,6769,6636=6095,6578,6636,6769$
1453,1357,1177,1545=1177,1357,1453,1545$
4594,4238,4494,4167=4167,4238,4494,4594$
9458,9778,9013,9309=9013,9309,9458,9778$
5138,5301,5045,5577=5045,5138,5301,5577$
7325,7119,7626,7986=7119,7325,7626,7986$
5242,5869,5062,5303=5062,5242,5303,5869$
3899,3720,3209,3068=3068,3209,3720,3899$
9339,9690,9202,9728=9202,9339,9690,9728$
3095,3274,3611,3495=3095,3274,3495,3611$
9441,9056,9188,9764=9056,9188,9441,9764$
4094,4637,4513,4889=4094,4513,4637,4889$
9874,9087,9730,9463=9087,9463,9730,9874$
9293,9650,9855,9793=9293,9650,9793,9855$
6126,6069,6380,6293=6069,6126,6293,6380$
1828,1398,1160,1008=1008,1160,1398,1828$
3197,3774,3404,3389=3197,3389,3404,3774$
1347,1874,1636,1265=1265,1347,1636,1874$
4165,4406,4703,4831=4165,4406,4703,4831$
7992,7437,7113,7012=7012,7113,7437,7992$
6997,6313,6099,6215=6099,6215,6313,6997$
5914,5030,5463,5731=5030,5463,5731,5914$
6710,6988,6805,6636=6636,6710,6805,6988$
6340,6899,6253,6144=6144,6253,6340,6899$
7394,7155,7505,7075=7075,7155,7394,7505$
1414,1126,1877,1038=1038,1126,1414,1877$
8358,8479,8522,8858=8358,8479,8522,8858$
8890,8713,8212,8175=8175,8212,8713,8890$
7969,7014,7770,7117=7014,7117,7770,7969$
2231,2633,2096,2719=2096,2231,2633,2719$
2068,2525,2737,2409=2068,2409,2525,2737$
6708,6244,6842,6972=6244,6708,6842,6972$
5858,5561,5229,5340=5229,5340,5561,5858$
5589,5620,5372,5451=5372,5451,5589,5620$
4829,4047,4548,4984=4047,4548,4829,4984$
6295,6626,6066,6827=6066,6295,6626,6827$
4147,4717,4890,4256=4147,4256,4717,4890$
2173,2860,2490,2985=2173,2490,2860,2985$
9798,9891,9093,9429=9093,9429,9798,9891$
2551,2263,2333,2874=2263,2333,2551,2874$
8086,8137,8225,8568=8086,8137,8225,8568$
2641,2800,2011,2778=2011,2641,2778,2800$
8175,8445,8687,8216=8175,8216,8445,8687$
2120,2357,2661,2911=2120,2357,2661,2911$
3597,3859,3744,3921=3597,3744,3859,3921$
7932,7450,7669,7831=7450,7669,7831,7932$
2342,2656,2560,2871=2342,2560,2656,2871$
9754,9201,9561,9193=9193,9201,9561,9754$
3093,3253,3639,3445=3093,3253,3445,3639$
6636,6943,6435,6103=6103,6435,6636,6943$
3736,3326,3490,3018=3018,3326,3490,3736$
5785,5685,5122,5265=5122,5265,5685,5785$
2269,2592,2406,2328=2269,2328,2406,2592$
6685,6266,6577,6892=6266,6577,6685,6892$
3844,3986,3713,3145=3145,3713,3844,3986$
2828,2197,2541,2619=2197,2541,2619,2828$
8154,8717,8036,8582=8036,8154,8582,8717$
8981,8211,8570,8015=8015,8211,8570,8981$
9773,9197,9561,9358=9197,9358,9561,9773$
7161,7407,7021,7274=7021,7161,7274,7407$
2474,2339,2176,2642=2176,2339,2474,2642$
5885,5259,5677,5131=5131,5259,5677,5885$
6192,6826,6949,6387=6192,6387,6826,6949$
2238,2193,2840,2311=2193,2238,2311,2840$
7209,7720,7427,7887=7209,7427,7720,7887$
3014,3698,3975,3724=3014,3698,3724,3975$
3604,3890,3351,3428=3351,3428,3604,3890$
8529,8140,8017,8800=8017,8140,8529,8800$
7354,7411,7069,7289=7069,7289,7354,7411$
5410,5706,5969,5341=5341,5410,5706,5969$
3514,3695,3181,3966=3181,3514,3695,3966$
5227,5918,5452,5885=5227,5452,5885,5918$
6104,6498,6998,6216=6104,6216,6498,6998$
8483,8956,8598,8880=8483,8598,8880,8956$
2335,2423,2563,2846=2335,2423,2563,2846$
3709,3402,3898,3024=3024,3402,3709,3898$
3308,3734,3544,3428=3308,3428,3544,3734$
9823,9397,9616,9754=9397,9616,9754,9823$
2673,2896,2445,2134=2134,2445,2673,2896$
6362,6721,6027,6515=6027,6362,6515,6721$
1064,1593,1864,1907=1064,1593,1864,1907$
4712,4541,4348,4040=4040,4348,4541,4712$
7193,7746,7216,7049=7049,7193,7216,7746$
1720,1185,1457,1205=1185,1205,1457,1720$
5190,5380,5765,5000=5000,5190,5380,5765$
3261,3305,3934,3559=3261,3305,3559,3934$
9216,9795,9037,9303=9037,9216,9303,9795$
1912,1381,1509,1155=1155,1381,1509,1912$
7514,7923,7129,7789=7129,7514,7789,7923$
2687,2382,2813,2244=2244,2382,2687,2813$
1501,1074,1446,1894=1074,1446,1501,1894$
9711,9549,9040,9208=9040,9208,9549,9711$
3108,3614,3315,3060=3060,3108,3315,3614$
2982,2358,2177,2509=2177,2358,2509,2982$
7637,7290,7093,7388=7093,7290,7388,7637$
3039,3138,3732,3269=3039,3138,3269,3732$
5238,5480,5970,5501=5238,5480,5501,5970$
9165,9487,9824,9243=9165,9243,9487,9824$
1261,1001,1901,1823=1001,1261,1823,1901$
9240,9475,9983,9108=9108,9240,9475,9983$
8795,8620,8461,8399=8399,8461,8620,8795$
6536,6463,6322,6226=6226,6322,6463,6536$
2644,2000,2319,2556=2000,2319,2556,2644$
7379,7987,7100,7752=7100,7379,7752,7987$
9984,9660,9558,9391=9391,9558,9660,9984$
5264,5405,5855,5331=5264,5331,5405,5855$
3867,3981,3457,3072=3072,3457,3867,3981$
5717,5878,5415,5345=5345,5415,5717,5878$
3477,3370,3782,3129=3129,3370,3477,3782$
2367,2631,2771,2251=2251,2367,2631,2771$
9980,9374,9247,9727=9247,9374,9727,9980$
8459,8094,8757,8981=8094,8459,8757,8981$
4453,4191,4633,4098=4098,4191,4453,4633$
6042,6620,6797,6904=6042,6620,6797,6904$
9086,9219,9713,9120=9086,9120,9219,9713$
5855,5727,5988,5080=5080,5727,5855,5988$
5725,5985,5208,5357=5208,5357,5725,5985$
3528,3661,3828,3312=3312,3528,3661,3828$
7346,7186,7652,7525=7186,7346,7525,7652$
5964,5265,5637,5100=5100,5265,5637,5964$
7531,7675,7962,7705=7531,7675,7705,7962$
2245,2500,2365,2023=2023,2245,2365,2500$
9844,9497,9685,9265=9265,9497,9685,9844$
3117,3632,3239,3934=3117,3239,3632,3934$
8081,8422,8257,8588=8081,8257,8422,8588$
9039,9409,9593,9200=9039,9200,9409,9593$
6979,6494,6708,6501=6494,6501,6708,6979$
3224,3183,3373,3044=3044,3183,3224,3373$
5013,5693,5556,5342=5013,5342,5556,5693$
9303,9126,9780,9257=9126,9257,9303,9780$
8416,8219,8517,8729=8219,8416,8517,8729$
6102,6786,6860,6046=6046,6102,6786,6860$
2582,2240,2987,2068=2068,2240,2582,2987$
1460,1111,1601,1547=1111,1460,1547,1601$
1278,1724,1683,1902=1278,1683,1724,1902$
1007,1253,1795,1918=1007,1253,1795,1918$
7099,7153,7321,7765=7099,7153,7321,7765$
2728,2308,2240,2527=2240,2308,2527,2728$
7734,7475,7344,7178=7178,7344,7475,7734$
6575,6454,6324,6282=6282,6324,6454,6575$
6323,6091,6147,6219=6091,6147,6219,6323$
8244,8452,8825,8692=8244,8452,8692,8825$
8796,8878,8615,8106=8106,8615,8796,8878$
1820,1699,1398,1731=1398,1699,1731,1820$
5371,5231,5110,5928=5110,5231,5371,5928$
3177,3026,3364,3985=3026,3177,3364,3985$
5934,5432,5529,5372=5372,5432,5529,5934$
7928,7442,7190,7286=7190,7286,7442,7928$
6712,6512,6800,6316=6316,6512,6712,6800$
2748,2860,2384,2481=2384,2481,2748,2860$
8019,8200,8317,8724=8019,8200,8317,8724$
8151,8060,8224,8519=8060,8151,8224,8519$
3119,3656,3543,3833=3119,3543,3656,3833$
8551,8826,8490,8181=8181,8490,8551,8826$
1702,1910,1112,1081=1081,1112,1702,1910$
3342,3860,3288,3119=3119,3288,3342,3860$
9224,9962,9684,9400=9224,9400,9684,9962$
1974,1868,1121,1598=1121,1598,1868,1974$
3665,3814,3385,3723=3385,3665,3723,3814$
5734,5339,5638,5428=5339,5428,5638,5734$
4070,4985,4435,4544=4070,4435,4544,4985$
3564,3710,3821,3626=3564,3626,3710,3821$
2993,2692,2494,2293=2293,2494,2692,2993$
8154,8731,8332,8036=8036,8154,8332,8731$
5647,5462,5213,5364=5213,5364,5462,5647$
5957,5627,5465,5331=5331,5465,5627,5957$
2864,2612,2575,2395=2395,2575,2612,2864$
2774,2913,2818,2166=2166,2774,2818,2913$
7630,7590,7025,7838=7025,7590,7630,7838$
5981,5838,5627,5429=5429,5627,5838,5981$
1816,1736,1492,1616=1492,1616,1736,1816$
9074,9194,9885,9751=9074,9194,9751,9885$
9584,9252,9334,9166=9166,9252,9334,9584$
2343,2439,2600,2057=2057,2343,2439,2600$
4551,4477,4891,4008=4008,4477,4551,4891$
4276,4136,4892,4626=4136,4276,4626,4892$
3456,3319,3004,3966=3004,3319,3456,3966$
2239,2363,2413,2102=2102,2239,2363,2413$
5071,5980,5813,5459=5071,5459,5813,5980$
3907,3832,3115,3505=3115,3505,3832,3907$
6447,6733,6675,6012=6012,6447,6675,6733$
1433,1996,1312,1856=1312,1433,1856,1996$
9623,9539,9315,9731=9315,9539,9623,9731$
2948,2883,2259,2643=2259,2643,2883,2948$
3622,3163,3432,3006=3006,3163,3432,3622$
2448,2630,2551,2070=2070,2448,2551,2630$
9386,9574,9243,9118=9118,9243,9386,9574$
5808,5682,5259,5977=5259,5682,5808,5977$
4359,4901,4094,4176=4094,4176,4359,4901$
5384,5888,5748,5021=5021,5384,5748,5888$
3115,3057,3893,3703=3057,3115,3703,3893$
1642,1532,1230,1781=1230,1532,1642,1781$
8889,8283,8148,8328=8148,8283,8328,8889$
5409,5326,5297,5539=5297,5326,5409,5539$
5445,5536,5819,5951=5445,5536,5819,5951$
7836,7578,7156,7428=7156,7428,7578,7836$
6919,6880,6042,6220=6042,6220,6880,6919$
9635,9242,9372,9746=9242,9372,9635,9746$
4581,4022,4487,4806=4022,4487,4581,4806$
5654,5838,5393,5035=5035,5393,5654,5838$
6545,6972,6633,6132=6132,6545,6633,6972$
7639,7119,7354,7899=7119,7354,7639,7899$
9732,9482,9309,9872=9309,9482,9732,9872$
4995,4777,4086,4864=4086,4777,4864,4995$
7451,7978,7149,7779=7149,7451,7779,7978$
1789,1946,1104,1359=1104,1359,1789,1946$
8063,8394,8530,8679=8063,8394,8530,8679$
2302,2458,2750,2661=2302,2458,2661,2750$
1673,1952,1436,1381=1381,1436,1673,1952$
7190,7811,7714,7003=7003,7190,7714,7811$
1916,1033,1595,1393=1033,1393,1595,1916$
3759,3594,3461,3096=3096,3461,3594,3759$
2055,2465,2186,2689=2055,2186,2465,2689$
2725,2009,2884,2131=2009,2131,2725,2884$
3716,3849,3342,3501=3342,3501,3716,3849$
1805,1202,1724,1586=1202,1586,1724,1805$
1368,1791,1578,1461=1368,1461,1578,1791$
6830,6110,6613,6488=6110,6488,6613,6830$
5463,5882,5224,5113=5113,5224,5463,5882$
7526,7421,7760,7289=7289,7421,7526,7760$
9637,9321,9256,9440=9256,9321,9440,9637$
3865,3629,3393,3016=3016,3393,3629,3865$
9621,9020,9977,9226=9020,9226,9621,9977$
3691,3523,3443,3335=3335,3443,3523,3691$
7316,7285,7805,7435=7285,7316,7435,7805$
6972,6842,6027,6643=6027,6643,6842,6972$
3626,3926,3021,3517=3021,3517,3626,3926$
2530,2354,2405,2110=2110,2354,2405,2530$
7528,7360,7907,7715=7360,7528,7715,7907$
5458,5659,5738,5115=5115,5458,5659,5738$
4885,4190,4743,4936=4190,4743,4885,4936$
4152,4542,4403,4719=4152,4403,4542,4719$
2618,2449,2738,2573=2449,2573,2618,2738$
3160,3496,3613,3979=3160,3496,3613,3979$
1206,1587,1921,1793=1206,1587,1793,1921$
7743,7527,7164,7870=7164,7527,7743,7870$
4463,4259,4715,4642=4259,4463,4642,4715$
6331,6037,6493,6110=6037,6110,6331,6493$
7653,7446,7820,7974=7446,7653,7820,7974$
4727,4171,4384,4628=4171,4384,4628,4727$
1800,1039,1754,1100=1039,1100,1754,1800$
3299,3978,3199,3000=3000,3199,3299,3978$
4822,4083,4508,4132=4083,4132,4508,4822$
1835,1583,1135,1458=1135,1458,1583,1835$
6673,6789,6907,6418=6418,6673,6789,6907$
2227,2067,2415,2161=2067,2161,2227,2415$
7680,7305,7433,7187=7187,7305,7433,7680$
5274,5991,5519,5705=5274,5519,5705,5991$
1399,1820,1777,1618=1399,1618,1777,1820$
2976,2609,2861,2041=2041,2609,2861,2976$
2746,2274,2636,2137=2137,2274,2636,2746$
3426,3562,3212,3322=3212,3322,3426,3562$
6257,6404,6912,6629=6257,6404,6629,6912$
3750,3891,3293,3577=3293,3577,3750,3891$
8430,8141,8588,8772=8141,8430,8588,8772$
8178,8652,8062,8324=8062,8178,8324,8652$
6718,6672,6007,6980=6007,6672,6718,6980$
6053,6863,6658,6732=6053,6658,6732,6863$
8314,8534,8033,8780=8033,8314,8534,8780$
1708,1096,1263,1397=1096,1263,1397,1708$
7182,7933,7282,7514=7182,7282,7514,7933$
2695,2596,2995,2797=2596,2695,2797,2995$
2407,2152,2069,2265=2069,2152,2265,2407$
7616,7454,7059,7747=7059,7454,7616,7747$
4826,4458,4296,4356=4296,4356,4458,4826$
3184,3820,3509,3497=3184,3497,3509,3820$
8510,8203,8611,8489=8203,8489,8510,8611$
7777,7630,7034,7484=7034,7484,7630,7777$
8737,8251,8812,8435=8251,8435,8737,8812$
1070,1829,1707,1674=1070,1674,1707,1829$
7964,7638,7241,7120=7120,7241,7638,7964$
5682,5001,5244,5151=5001,5151,5244,5682$
4211,4588,4109,4690=4109,4211,4588,4690$
9677,9013,9774,9299=9013,9299,9677,9774$
7838,7990,7222,7083=7083,7222,7838,7990$
3654,3991,3435,3160=3160,3435,3654,3991$
5443,5516,5671,5101=5101,5443,5516,5671$
7329,7136,7906,7263=7136,7263,7329,7906$
1093,1925,1871,1205=1093,1205,1871,1925$
2348,2035,2828,2624=2035,2348,2624,2828$
5233,5762,5414,5187=5187,5233,5414,5762$
7377,7449,7084,7853=7084,7377,7449,7853$
2801,2497,2501,2233=2233,2497,2501,2801$
7556,7868,7132,7686=7132,7556,7686,7868$
6927,6223,6834,6515=6223,6515,6834,6927$
1254,1306,1461,1169=1169,1254,1306,1461$
6714,6913,6535,6078=6078,6535,6714,6913$
7675,7875,7356,7552=7356,7552,7675,7875$
9956,9480,9760,9380=9380,9480,9760,9956$
7838,7463,7966,7626=7463,7626,7838,7966$
4448,4514,4077,4758=4077,4448,4514,4758$
9208,9641,9889,9161=9161,9208,9641,9889$
8294,8037,8170,8958=8037,8170,8294,8958$
7402,7137,7881,7206=7137,7206,7402,7881$
4390,4483,4071,4236=4071,4236,4390,4483$
6010,6775,6145,6543=6010,6145,6543,6775$
1578,1484,1201,1182=1182,1201,1484,1578$
6967,6580,6614,6203=6203,6580,6614,6967$
6791,6647,6841,6456=6456,6647,6791,6841$
8475,8276,8349,8801=8276,8349,8475,8801$
5275,5139,5966,5034=5034,5139,5275,5966$
6938,6147,6767,6523=6147,6523,6767,6938$
7727,7342,7647,7458=7342,7458,7647,7727$
9326,9536,9090,9977=9090,9326,9536,9977$
5019,5819,5749,5360=5019,5360,5749,5819$
6513,6406,6168,6698=6168,6406,6513,6698$
7282,7387,7641,7473=7282,7387,7473,7641$
2662,2578,2236,2701=2236,2578,2662,2701$
7174,7878,7619,7978=7174,7619,7878,7978$
5290,5586,5968,5838=5290,5586,5838,5968$
4497,4663,4572,4809=4497,4572,4663,4809$
1827,1414,1093,1398=1093,1398,1414,1827$
7212,7623,7351,7865=7212,7351,7623,7865$
6413,6590,6067,6860=6067,6413,6590,6860$
2473,2291,2654,2954=2291,2473,2654,2954$
9837,9591,9403,9631=9403,9591,9631,9837$
5734,5612,5960,5447=5447,5612,5734,5960$
3005,3764,3140,3370=3005,3140,3370,3764$
1713,1062,1995,1307=1062,1307,1713,1995$
8740,8518,8471,8902=8471,8518,8740,8902$
8443,8085,8971,8830=8085,8443,8830,8971$
5358,5888,5410,5095=5095,5358,5410,5888$
1227,1003,1465,1537=1003,1227,1465,1537$
3591,3119,3491,3661=3119,3491,3591,3661$
7686,7436,7812,7583=7436,7583,7686,7812$
5840,5117,5379,5061=5061,5117,5379,5840$
1550,1480,1339,1258=1258,1339,1480,1550$
8384,8165,8770,8543=8165,8384,8543,8770$
7540,7641,7843,7927=7540,7641,7843,7927$
9087,9229,9114,9447=9087,9114,9229,9447$
9021,9616,9361,9950=9021,9361,9616,9950$
7116,7534,7732,7678=7116,7534,7678,7732$
3998,3641,3379,3211=3211,3379,3641,3998$
5172,5346,5454,5534=5172,5346,5454,5534$
5570,5995,5701,5689=5570,5689,5701,5995$
2268,2845,2642,2771=2268,2642,2771,2845$
8114,8253,8635,8887=8114,8253,8635,8887$
5532,5908,5352,5419=5352,5419,5532,5908$
2391,2088,2609,2789=2088,2391,2609,2789$
7780,7559,7863,7300=7300,7559,7780,7863$
5347,5203,5942,5171=5171,5203,5347,5942$
5341,5126,5503,5959=5126,5341,5503,5959$
7811,7784,7246,7954=7246,7784,7811,7954$
3205,3697,3759,3076=3076,3205,3697,3759$
5253,5314,5610,5463=5253,5314,5463,5610$
5793,5457,5010,5362=5010,5362,5457,5793$
6617,6539,6799,6063=6063,6539,6617,6799$
2395,2402,2575,2835=2395,2402,2575,2835$
1615,1484,1964,1074=1074,1484,1615,1964$
8060,8883,8627,8398=8060,8398,8627,8883$
1221,1594,1437,1968=1221,1437,1594,1968$
6890,6246,6045,6701=6045,6246,6701,6890$
7541,7392,7810,7485=7392,7485,7541,7810$
1469,1767,1561,1694=1469,1561,1694,1767$
8300,8189,8749,8600=8189,8300,8600,8749$
4306,4762,4918,4070=4070,4306,4762,4918$
1508,1816,1379,1761=1379,1508,1761,1816$
4920,4033,4668,4310=4033,4310,4668,4920$
3521,3433,3678,3354=3354,3433,3521,3678$
2006,2442,2341,2514=2006,2341,2442,2514$
2357,2998,2510,2639=2357,2510,2639,2998$
5551,5991,5663,5792=5551,5663,5792,5991$
1574,1126,1233,1865=1126,1233,1574,1865$
9697,9356,9285,9956=9285,9356,9697,9956$
9207,9507,9676,9043=9043,9207,9507,9676$
8866,8147,8091,8201=8091,8147,8201,8866$
7948,7331,7516,7646=7331,7516,7646,7948$
5039,5985,5415,5121=5039,5121,5415,5985$
3544,3865,3329,3288=3288,3329,3544,3865$
3026,3195,3501,3274=3026,3195,3274,3501$
2280,2704,2543,2495=2280,2495,2543,2704$
5592,5786,5053,5158=5053,5158,5592,5786$
3142,3689,3721,3218=3142,3218,3689,3721$
1397,1913,1822,1084=1084,1397,1822,1913$
6165,6980,6514,6822=6165,6514,6822,6980$
7767,7526,7083,7446=7083,7446,7526,7767$
5220,5715,5185,5670=5185,5220,5670,5715$
7080,7285,7428,7589=7080,7285,7428,7589$
8393,8400,8245,8666=8245,8393,8400,8666$
2390,2526,2951,2710=2390,2526,2710,2951$
9635,9434,9281,9560=9281,9434,9560,9635$
1152,1686,1722,1958=1152,1686,1722,1958$
3850,3710,3045,3367=3045,3367,3710,3850$
6220,6560,6821,6135=6135,6220,6560,6821$
3537,3365,3448,3043=3043,3365,3448,3537$
1242,1547,1896,1454=1242,1454,1547,1896$
2303,2040,2878,2917=2040,2303,2878,2917$
1801,1934,1487,1174=1174,1487,1801,1934$
9006,9271,9878,9901=9006,9271,9878,9901$
2705,2338,2622,2888=2338,2622,2705,2888$
2576,2458,2907,2245=2245,2458,2576,2907$
8162,8208,8032,8778=8032,8162,8208,8778$
4204,4391,4191,4903=4191,4204,4391,4903$
9738,9470,9313,9577=9313,9470,9577,9738$
3245,3154,3632,3789=3154,3245,3632,3789$
9557,9641,9867,9394=9394,9557,9641,9867$
7748,7352,7550,7135=7135,7352,7550,7748$
8089,8573,8786,8219=8089,8219,8573,8786$
9409,9515,9387,9739=9387,9409,9515,9739$
7106,7398,7533,7997=7106,7398,7533,7997$
5437,5909,5779,5310=5310,5437,5779,5909$
3116,3942,3574,3692=3116,3574,3692,3942$
5993,5841,5096,5366=5096,5366,5841,5993$
7065,7705,7802,7652=7065,7652,7705,7802$
3326,3081,3209,3671=3081,3209,3326,3671$
4598,4284,4347,4931=4284,4347,4598,4931$
3028,3926,3496,3690=3028,3496,3690,3926$
3266,3761,3917,3110=3110,3266,3761,3917$
9485,9664,9576,9050=9050,9485,9576,9664$
1330,1082,1435,1228=1082,1228,1330,1435$
1749,1993,1302,1251=1251,1302,1749,1993$
3030,3226,3113,3373=3030,3113,3226,3373$
7725,7617,7820,7954=7617,7725,7820,7954$
7823,7424,7315,7084=7084,7315,7424,7823$
3990,3246,3701,3675=3246,3675,3701,3990$
3072,3207,3431,3963=3072,3207,3431,3963$
3485,3922,3627,3232=3232,3485,3627,3922$
3743,3158,3403,3320=3158,3320,3403,3743$
1020,1115,1845,1691=1020,1115,1691,1845$
5396,5210,5776,5592=5210,5396,5592,5776$
4054,4469,4114,4941=4054,4114,4469,4941$
5111,5776,5527,5026=5026,5111,5527,5776$
9331,9515,9863,9010=9010,9331,9515,9863$
4546,4741,4314,4156=4156,4314,4546,4741$
1916,1055,1514,1800=1055,1514,1800,1916$
8774,8229,8118,8422=8118,8229,8422,8774$
9523,9393,9638,9769=9393,9523,9638,9769$
1738,1359,1228,1051=1051,1228,1359,1738$
2187,2508,2853,2274=2187,2274,2508,2853$
8662,8513,8261,8902=8261,8513,8662,8902$
9448,9203,9764,9607=9203,9448,9607,9764$
4974,4122,4332,4232=4122,4232,4332,4974$
9786,9077,9402,9552=9077,9402,9552,9786$
2095,2395,2921,2797=2095,2395,2797,2921$
2608,2856,2216,2360=2216,2360,2608,2856$
5301,5478,5090,5578=5090,5301,5478,5578$
2442,2316,2007,2840=2007,2316,2442,2840$
1929,1360,1224,1544=1224,1360,1544,1929$
8060,8459,8235,8838=8060,8235,8459,8838$
2769,2402,2156,2501=2156,2402,2501,2769$
2919,2539,2886,2482=2482,2539,2886,2919$
3623,3972,3510,3775=3510,3623,3775,3972$
1175,1567,1702,1992=1175,1567,1702,1992$
7579,7971,7788,7144=7144,7579,7788,7971$
5870,5022,5647,5185=5022,5185,5647,5870$
5899,5190,5979,5302=5190,5302,5899,5979$
8921,8657,8420,8289=8289,8420,8657,8921$
1413,1531,1122,1962=1122,1413,1531,1962$
6315,6780,6864,6241=6241,6315,6780,6864$
1321,1117,1079,1773=1079,1117,1321,1773$
1774,1474,1958,1185=1185,1474,1774,1958$
6610,6161,6503,6718=6161,6503,6610,6718$
4111,4026,4246,4473=4026,4111,4246,4473$
3207,3698,3083,3907=3083,3207,3698,3907$
2633,2568,2363,2267=2267,2363,2568,2633$
3973,3367,3876,3723=3367,3723,3876,3973$
4128,4520,4234,4470=4128,4234,4470,4520$
8934,8187,8687,8850=8187,8687,8850,8934$
9617,9789,9561,9361=9361,9561,9617,9789$
2762,2438,2253,2023=2023,2253,2438,2762$
2437,2754,2527,2257=2257,2437,2527,2754$
3171,3440,3276,3737=3171,3276,3440,3737$
6790,6101,6986,6825=6101,6790,6825,6986$
6297,6414,6927,6819=6297,6414,6819,6927$
3118,3894,3519,3479=3118,3479,3519,3894$
2292,2012,2486,2755=2012,2292,2486,2755$
1575,1028,1860,1486=1028,1486,1575,1860$
4879,4549,4150,4312=4150,4312,4549,4879$
7966,7153,7476,7542=7153,7476,7542,7966$
3262,3124,3578,3341=3124,3262,3341,3578$
7607,7136,7945,7875=7136,7607,7875,7945$
2396,2529,2189,2023=2023,2189,2396,2529$
7682,7361,7839,7956=7361,7682,7839,7956$
6416,6783,6544,6695=6416,6544,6695,6783$
5591,5170,5390,5495=5170,5390,5495,5591$
1882,1581,1234,1194=1194,1234,1581,1882$
8763,8925,8006,8699=8006,8699,8763,8925$
7514,7386,7196,7821=7196,7386,7514,7821$
5203,5799,5907,5443=5203,5443,5799,5907$
6147,6994,6451,6842=6147,6451,6842,6994$
3146,3446,3271,3855=3146,3271,3446,3855$
1996,1416,1527,1033=1033,1416,1527,1996$
3650,3210,3123,3739=3123,3210,3650,3739$
8458,8590,8836,8631=8458,8590,8631,8836$
4750,4973,4649,4494=4494,4649,4750,4973$
9739,9970,9127,9204=9127,9204,9739,9970$
3170,3047,3704,3276=3047,3170,3276,3704$
6719,6273,6350,6533=6273,6350,6533,6719$
5376,5214,5786,5667=5214,5376,5667,5786$
8673,8551,8141,8024=8024,8141,8551,8673$
4262,4817,4668,4107=4107,4262,4668,4817$
9980,9547,9027,9821=9027,9547,9821,9980$
5250,5905,5045,5392=5045,5250,5392,5905$
6451,6543,6235,6193=6193,6235,6451,6543$
4013,4803,4322,4457=4013,4322,4457,4803$
6659,6744,6167,6368=6167,6368,6659,6744$
9919,9086,9478,9225=9086,9225,9478,9919$
1985,1895,1022,1559=1022,1559,1895,1985$
4946,4034,4549,4632=4034,4549,4632,4946$
7686,7403,7571,7938=7403,7571,7686,7938$
8023,8715,8415,8966=8023,8415,8715,8966$
2457,2129,2201,2398=2129,2201,2398,2457$
7706,7868,7496,7193=7193,7496,7706,7868$
7959,7493,7658,7739=7493,7658,7739,7959$
6182,6295,6578,6707=6182,6295,6578,6707$
1105,1582,1498,1387=1105,1387,1498,1582$
1675,1278,1193,1364=1193,1278,1364,1675$
1689,1323,1503,1992=1323,1503,1689,1992$
1961,1723,1688,1877=1688,1723,1877,1961$
1955,1519,1886,1051=1051,1519,1886,1955$
6903,6734,6615,6011=6011,6615,6734,6903$
9895,9633,9420,9000=9000,9420,9633,9895$
2902,2404,2670,2390=2390,2404,2670,2902$
2195,2580,2679,2815=2195,2580,2679,2815$
1611,1362,1129,1055=1055,1129,1362,1611$
6966,6471,6740,6087=6087,6471,6740,6966$
6218,6972,6143,6437=6143,6218,6437,6972$
6689,6725,6020,6966=6020,6689,6725,6966$
7806,7680,7262,7319=7262,7319,7680,7806$
9573,9997,9839,9058=9058,9573,9839,9997$
4717,4280,4138,4873=4138,4280,4717,4873$
1810,1326,1761,1036=1036,1326,1761,1810$
7433,7514,7157,7618=7157,7433,7514,7618$
3194,3834,3655,3293=3194,3293,3655,3834$
9553,9600,9896,9794=9553,9600,9794,9896$
3218,3051,3441,3364=3051,3218,3364,3441$
9365,9043,9252,9868=9043,9252,9365,9868$
7848,7461,7221,7982=7221,7461,7848,7982$
8035,8104,8206,8441=8035,8104,8206,8441$
8243,8599,8914,8482=8243,8482,8599,8914$
9154,9951,9839,9618=9154,9618,9839,9951$
2755,2016,2440,2387=2016,2387,2440,2755$
4701,4061,4571,4891=4061,4571,4701,4891$
9654,9123,9802,9021=9021,9123,9654,9802$
1041,1459,1584,1973=1041,1459,1584,1973$
8834,8966,8732,8306=8306,8732,8834,8966$
5047,5570,5981,5104=5047,5104,5570,5981$
2158,2563,2668,2993=2158,2563,2668,2993$
4969,4048,4373,4885=4048,4373,4885,4969$
9536,9621,9356,9796=9356,9536,9621,9796$
6110,6960,6219,6861=6110,6219,6861,6960$
6723,6181,6567,6486=6181,6486,6567,6723$
8905,8012,8549,8293=8012,8293,8549,8905$
7134,7083,7829,7273=7083,7134,7273,7829$
3451,3304,3509,3862=3304,3451,3509,3862$
5915,5361,5068,5684=5068,5361,5684,5915$
8819,8760,8565,8489=8489,8565,8760,8819$
5616,5197,5385,5250=5197,5250,5385,5616$
2696,2507,2718,2402=2402,2507,2696,2718$
9984,9226,9737,9157=9157,9226,9737,9984$
5752,5597,5007,5616=5007,5597,5616,5752$
8283,8962,8524,8070=8070,8283,8524,8962$
2701,2929,2698,2561=2561,2698,2701,2929$
2899,2034,2263,2470=2034,2263,2470,2899$
2417,2275,2698,2714=2275,2417,2698,2714$
5706,5356,5573,5852=5356,5573,5706,5852$
4472,4900,4572,4193=4193,4472,4572,4900$
1823,1538,1735,1193=1193,1538,1735,1823$
7710,7189,7630,7973=7189,7630,7710,7973$
4888,4467,4777,4387=4387,4467,4777,4888$
1300,1221,1164,1901=1164,1221,1300,1901$
2400,2602,2958,2834=2400,2602,2834,2958$
2502,2081,2989,2400=2081,2400,2502,2989$
3890,3501,3450,3662=3450,3501,3662,3890$
9747,9240,9890,9977=9240,9747,9890,9977$
2767,2434,2392,2031=2031,2392,2434,2767$
9263,9036,9494,9928=9036,9263,9494,9928$
8730,8950,8246,8542=8246,8542,8730,8950$
3235,3741,3918,3512=3235,3512,3741,3918$
1657,1245,1963,1718=1245,1657,1718,1963$
6457,6389,6578,6183=6183,6389,6457,6578$
9097,9366,9463,9866=9097,9366,9463,9866$
1215,1631,1539,1179=1179,1215,1539,1631$
1075,1126,1546,1825=1075,1126,1546,1825$
6257,6759,6301,6194=6194,6257,6301,6759$
3697,3364,3916,3160=3160,3364,3697,3916$
4007,4422,4849,4310=4007,4310,4422,4849$
9457,9102,9237,9086=9086,9102,9237,9457$
2139,2205,2687,2704=2139,2205,2687,2704$
5459,5188,5785,5620=5188,5459,5620,5785$
7308,7976,7168,7576=7168,7308,7576,7976$
5973,5891,5493,5381=5381,5493,5891,5973$
7422,7642,7267,7502=7267,7422,7502,7642$
3979,3371,3140,3646=3140,3371,3646,3979$
1552,1255,1301,1447=1255,1301,1447,1552$
8601,8579,8257,8120=8120,8257,8579,8601$
3988,3126,3824,3245=3126,3245,3824,3988$
3515,3023,3888,3443=3023,3443,3515,3888$
7011,7144,7694,7384=7011,7144,7384,7694$
1658,1925,1244,1093=1093,1244,1658,1925$
3137,3343,3574,3889=3137,3343,3574,3889$
5715,5374,5184,5444=5184,5374,5444,5715$
9937,9358,9855,9707=9358,9707,9855,9937$
5430,5810,5039,5177=5039,5177,5430,5810$
9218,9377,9160,9013=9013,9160,9218,9377$
3454,3039,3386,3992=3039,3386,3454,3992$
2330,2682,2506,2160=2160,2330,2506,2682$
1730,1674,1357,1813=1357,1674,1730,1813$
7053,7558,7179,7629=7053,7179,7558,7629$
1468,1859,1537,1334=1334,1468,1537,1859$
4190,4731,4942,4276=4190,4276,4731,4942$
7860,7314,7527,7944=7314,7527,7860,7944$
5895,5183,5596,5051=5051,5183,5596,5895$
8543,8779,8175,8044=8044,8175,8543,8779$
3892,3250,3427,3188=3188,3250,3427,3892$
3041,3800,3147,3293=3041,3147,3293,3800$
8987,8737,8583,8810=8583,8737,8810,8987$
9723,9598,9456,9089=9089,9456,9598,9723$
7904,7175,7598,7323=7175,7323,7598,7904$
2046,2618,2332,2428=2046,2332,2428,2618$
5929,5074,5828,5402=5074,5402,5828,5929$
7569,7807,7639,7414=7414,7569,7639,7807$
1211,1925,1741,1820=1211,1741,1820,1925$
7945,7735,7664,7514=7514,7664,7735,7945$
1000,1733,1313,1636=1000,1313,1636,1733$
9008,9123,9451,9631=9008,9123,9451,9631$
4540,4900,4631,4235=4235,4540,4631,4900$
3530,3704,3870,3989=3530,3704,3870,3989$
4263,4506,4403,4792=4263,4403,4506,4792$
3495,3199,3908,3592=3199,3495,3592,3908$
5726,5493,5895,5190=5190,5493,5726,5895$
7380,7710,7873,7479=7380,7479,7710,7873$
2854,2987,2244,2788=2244,2788,2854,2987$
1249,1107,1341,1860=1107,1249,1341,1860$
2019,2427,2515,2780=2019,2427,2515,2780$
8987,8168,8440,8634=8168,8440,8634,8987$
2175,2078,2517,2364=2078,2175,2364,2517$
2422,2555,2717,2807=2422,2555,2717,2807$
3047,3436,3537,3932=3047,3436,3537,3932$
2204,2711,2412,2173=2173,2204,2412,2711$
2156,2691,2310,2800=2156,2310,2691,2800$
7501,7225,7160,7977=7160,7225,7501,7977$
6795,6823,6499,6094=6094,6499,6795,6823$
1335,1580,1915,1795=1335,1580,1795,1915$
3520,3059,3962,3799=3059,3520,3799,3962$
2951,2225,2177,2827=2177,2225,2827,2951$
1275,1130,1590,1081=1081,1130,1275,1590$
3831,3730,3493,3697=3493,3697,3730,3831$
5714,5025,5634,5905=5025,5634,5714,5905$
7858,7090,7706,7455=7090,7455,7706,7858$
3341,3299,3662,3763=3299,3341,3662,3763$
5338,5219,5732,5475=5219,5338,5475,5732$
7800,7906,7160,7069=7069,7160,7800,7906$
7980,7588,7631,7445=7445,7588,7631,7980$
6507,6379,6683,6944=6379,6507,6683,6944$
2930,2435,2727,2816=2435,2727,2816,2930$
9443,9570,9379,9242=9242,9379,9443,9570$
3375,3745,3597,3205=3205,3375,3597,3745$
6474,6990,6154,6804=6154,6474,6804,6990$
5880,5201,5146,5670=5146,5201,5670,5880$
3736,3289,3955,3663=3289,3663,3736,3955$
2050,2452,2187,2759=2050,2187,2452,2759$
2188,2402,2549,2342=2188,2342,2402,2549$
7978,7799,7373,7279=7279,7373,7799,7978$
2178,2822,2737,2210=2178,2210,2737,2822$
3478,3941,3102,3797=3102,3478,3797,3941$
9141,9322,9284,9927=9141,9284,9322,9927$
7528,7741,7080,7267=7080,7267,7528,7741$
4657,4348,4076,4539=4076,4348,4539,4657$
4282,4980,4340,4523=4282,4340,4523,4980$
8903,8696,8271,8478=8271,8478,8696,8903$
5958,5571,5181,5008=5008,5181,5571,5958$
9902,9420,9538,9353=9353,9420,9538,9902$
1834,1565,1706,1612=1565,1612,1706,1834$
3249,3509,3703,3059=3059,3249,3509,3703$
4608,4863,4259,4483=4259,4483,4608,4863$
9382,9920,9186,9019=9019,9186,9382,9920$
4153,4919,4808,4736=4153,4736,4808,4919$
3367,3923,3269,3471=3269,3367,3471,3923$
3423,3689,3011,3580=3011,3423,3580,3689$
9386,9255,9556,9441=9255,9386,9441,9556$
1640,1029,1263,1446=1029,1263,1446,1640$
4851,4377,4670,4799=4377,4670,4799,4851$
6053,6961,6796,6521=6053,6521,6796,6961$
5238,5009,5952,5555=5009,5238,5555,5952$
4724,4232,4400,4620=4232,4400,4620,4724$
3891,3517,3495,3914=3495,3517,3891,3914$
9178,9541,9434,9383=9178,9383,9434,9541$
3757,3204,3149,3925=3149,3204,3757,3925$
8196,8513,8876,8996=8196,8513,8876,8996$
9522,9320,9618,9968=9320,9522,9618,9968$
4380,4709,4185,4555=4185,4380,4555,4709$
5112,5442,5629,5548=5112,5442,5548,5629$
5846,5467,5344,5918=5344,5467,5846,5918$
8984,8706,8115,8272=8115,8272,8706,8984$
2292,2887,2471,2671=2292,2471,2671,2887$
4574,4667,4486,4327=4327,4486,4574,4667$
9281,9099,9799,9429=9099,9281,9429,9799$
9952,9500,9148,9823=9148,9500,9823,9952$
4061,4250,4842,4456=4061,4250,4456,4842$
3115,3055,3654,3411=3055,3115,3411,3654$
2476,2897,2133,2083=2083,2133,2476,2897$
6853,6594,6351,6406=6351,6406,6594,6853$
1831,1773,1308,1664=1308,1664,1773,1831$
9056,9124,9240,9882=9056,9124,9240,9882$
5472,5536,5183,5925=5183,5472,5536,5925$
1143,1889,1358,1694=1143,1358,1694,1889$
9005,9866,9487,9541=9005,9487,9541,9866$
4665,4911,4746,4214=4214,4665,4746,4911$
3684,3710,3221,3563=3221,3563,3684,3710$
6760,6915,6085,6193=6085,6193,6760,6915$
8596,8027,8897,8171=8027,8171,8596,8897$
4053,4294,4108,4508=4053,4108,4294,4508$
5728,5587,5973,5618=5587,5618,5728,5973$
7136,7730,7657,7032=7032,7136,7657,7730$
4677,4062,4795,4309=4062,4309,4677,4795$
7222,7601,7302,7130=7130,7222,7302,7601$
8097,8354,8781,8982=8097,8354,8781,8982$
3846,3067,3172,3258=3067,3172,3258,3846$
1824,1174,1259,1047=1047,1174,1259,1824$
5433,5648,5333,5859=5333,5433,5648,5859$
2829,2158,2225,2702=2158,2225,2702,2829$
6858,6004,6740,6943=6004,6740,6858,6943$
8479,8136,8053,8371=8053,8136,8371,8479$
2018,2448,2629,2246=2018,2246,2448,2629$
2805,2592,2798,2409=2409,2592,2798,2805$
6623,6830,6288,6040=6040,6288,6623,6830$
1885,1224,1127,1708=1127,1224,1708,1885$
7439,7372,7162,7203=7162,7203,7372,7439$
7733,7485,7038,7508=7038,7485,7508,7733$
6501,6610,6372,6423=6372,6423,6501,6610$
5206,5527,5821,5192=5192,5206,5527,5821$
4912,4742,4150,4672=4150,4672,4742,4912$
4282,4469,4058,4817=4058,4282,4469,4817$
9596,9318,9988,9239=9239,9318,9596,9988$
2308,2425,2889,2252=2252,2308,2425,2889$
2955,2539,2738,2201=2201,2539,2738,2955$
9609,9256,9061,9497=9061,9256,9497,9609$
9825,9312,9488,9500=9312,9488,9500,9825$
8388,8559,8643,8786=8388,8559,8643,8786$
2785,2940,2289,2022=2022,2289,2785,2940$
4884,4245,4603,4166=4166,4245,4603,4884$
9979,9657,9108,9318=9108,9318,9657,9979$
6590,6322,6280,6757=6280,6322,6590,6757$
8853,8275,8524,8720=8275,8524,8720,8853$
2912,2168,2536,2480=2168,2480,2536,2912$
8969,8329,8128,8018=8018,8128,8329,8969$
3509,3077,3975,3168=3077,3168,3509,3975$
2923,2753,2599,2200=2200,2599,2753,2923$
4952,4856,4799,4640=4640,4799,4856,4952$
8996,8612,8490,8087=8087,8490,8612,8996$
3844,3532,3390,3937=3390,3532,3844,3937$
4972,4863,4751,4679=4679,4751,4863,4972$
1449,1959,1814,1538=1449,1538,1814,1959$
5924,5172,5646,5834=5172,5646,5834,5924$
4731,4907,4068,4594=4068,4594,4731,4907$
9390,9181,9200,9411=9181,9200,9390,9411$
4725,4226,4531,4046=4046,4226,4531,4725$
3305,3431,3890,3989=3305,3431,3890,3989$
5276,5851,5051,5592=5051,5276,5592,5851$
2400,2992,2811,2204=2204,2400,2811,2992$
8863,8121,8293,8482=8121,8293,8482,8863$
1108,1643,1319,1717=1108,1319,1643,1717$
8177,8201,8531,8896=8177,8201,8531,8896$
8290,8392,8489,8123=8123,8290,8392,8489$
2552,2973,2094,2312=2094,2312,2552,2973$
7099,7481,7239,7135=7099,7135,7239,7481$
9086,9932,9782,9370=9086,9370,9782,9932$
9427,9754,9956,9691=9427,9691,9754,9956$
5046,5581,5143,5480=5046,5143,5480,5581$
8083,8865,8496,8330=8083,8330,8496,8865$
