5575,5578,5572,5579=5572,5575,5578,5579$
9065,9066,9064,9069=9064,9065,9066,9069$
7154,7155,7157,7158=7154,7155,7157,7158$
7514,7510,7512,7517=7510,7512,7514,7517$
6684,6687,6682,6688=6682,6684,6687,6688$
6121,6125,6124,6120=6120,6121,6124,6125$
6719,6710,6718,6717=6710,6717,6718,6719$
2185,2181,2187,2189=2181,2185,2187,2189$
8903,8909,8907,8908=8903,8907,8908,8909$
8705,8707,8704,8709=8704,8705,8707,8709$
4951,4954,4953,4958=4951,4953,4954,4958$
3924,3929,3921,3926=3921,3924,3926,3929$
9988,9987,9981,9989=9981,9987,9988,9989$
9056,9059,9053,9058=9053,9056,9058,9059$
3340,3348,3343,3341=3340,3341,3343,3348$
5564,5567,5565,5569=5564,5565,5567,5569$
1534,1533,1530,1531=1530,1531,1533,1534$
9623,9626,9624,9625=9623,9624,9625,9626$
4505,4508,4501,4506=4501,4505,4506,4508$
8735,8739,8738,8733=8733,8735,8738,8739$
2653,2651,2657,2652=2651,2652,2653,2657$
3881,3889,3882,3884=3881,3882,3884,3889$
5523,5520,5525,5526=5520,5523,5525,5526$
6850,6854,6855,6853=6850,6853,6854,6855$
1104,1102,1107,1106=1102,1104,1106,1107$
9439,9431,9432,9433=9431,9432,9433,9439$
5551,5557,5554,5556=5551,5554,5556,5557$
3679,3673,3671,3678=3671,3673,3678,3679$
4338,4334,4332,4336=4332,4334,4336,4338$
1392,1399,1391,1397=1391,1392,1397,1399$
2331,2336,2339,2337=2331,2336,2337,2339$
4039,4033,4030,4037=4030,4033,4037,4039$
9457,9459,9451,9458=9451,9457,9458,9459$
2348,2343,2347,2340=2340,2343,2347,2348$
6534,6531,6530,6537=6530,6531,6534,6537$
3964,3961,3969,3967=3961,3964,3967,3969$
9546,9541,9549,9543=9541,9543,9546,9549$
3871,3874,3872,3878=3871,3872,3874,3878$
6666,6664,6662,6668=6662,6664,6666,6668$
5495,5497,5491,5496=5491,5495,5496,5497$
2830,2839,2832,2831=2830,2831,2832,2839$
1358,1355,1353,1352=1352,1353,1355,1358$
5538,5533,5534,5537=5533,5534,5537,5538$
8054,8050,8059,8057=8050,8054,8057,8059$
1287,1288,1281,1289=1281,1287,1288,1289$
5492,5496,5498,5494=5492,5494,5496,5498$
4732,4738,4734,4730=4730,4732,4734,4738$
2073,2075,2078,2079=2073,2075,2078,2079$
3919,3918,3910,3917=3910,3917,3918,3919$
7664,7660,7661,7669=7660,7661,7664,7669$
6374,6376,6372,6379=6372,6374,6376,6379$
1417,1419,1411,1415=1411,1415,1417,1419$
8138,8132,8131,8134=8131,8132,8134,8138$
9772,9771,9776,9779=9771,9772,9776,9779$
6498,6495,6493,6490=6490,6493,6495,6498$
7271,7276,7278,7279=7271,7276,7278,7279$
2262,2265,2267,2260=2260,2262,2265,2267$
2580,2587,2586,2589=2580,2586,2587,2589$
7691,7692,7697,7694=7691,7692,7694,7697$
3103,3102,3109,3107=3102,3103,3107,3109$
1340,1344,1346,1347=1340,1344,1346,1347$
5600,5603,5605,5607=5600,5603,5605,5607$
5342,5349,5347,5340=5340,5342,5347,5349$
6448,6443,6441,6444=6441,6443,6444,6448$
5333,5337,5331,5339=5331,5333,5337,5339$
2067,2066,2065,2060=2060,2065,2066,2067$
6296,6298,6290,6295=6290,6295,6296,6298$
1603,1608,1600,1606=1600,1603,1606,1608$
7822,7827,7826,7829=7822,7826,7827,7829$
3061,3068,3066,3064=3061,3064,3066,3068$
7065,7069,7060,7064=7060,7064,7065,7069$
6892,6895,6891,6898=6891,6892,6895,6898$
6372,6373,6379,6376=6372,6373,6376,6379$
7175,7178,7177,7179=7175,7177,7178,7179$
9830,9834,9837,9839=9830,9834,9837,9839$
2771,2772,2770,2777=2770,2771,2772,2777$
2480,2487,2482,2481=2480,2481,2482,2487$
9527,9526,9523,9525=9523,9525,9526,9527$
5286,5281,5285,5280=5280,5281,5285,5286$
5969,5963,5961,5960=5960,5961,5963,5969$
4146,4142,4147,4144=4142,4144,4146,4147$
2211,2213,2212,2215=2211,2212,2213,2215$
3001,3000,3005,3009=3000,3001,3005,3009$
9734,9737,9731,9739=9731,9734,9737,9739$
7109,7100,7101,7105=7100,7101,7105,7109$
5264,5265,5268,5261=5261,5264,5265,5268$
9394,9395,9390,9397=9390,9394,9395,9397$
2718,2710,2717,2715=2710,2715,2717,2718$
4396,4398,4390,4392=4390,4392,4396,4398$
8433,8431,8435,8430=8430,8431,8433,8435$
4184,4181,4187,4183=4181,4183,4184,4187$
5818,5812,5813,5816=5812,5813,5816,5818$
3880,3889,3884,3886=3880,3884,3886,3889$
6381,6383,6389,6386=6381,6383,6386,6389$
9850,9859,9852,9857=9850,9852,9857,9859$
4400,4402,4408,4405=4400,4402,4405,4408$
2193,2190,2195,2192=2190,2192,2193,2195$
1137,1133,1130,1134=1130,1133,1134,1137$
3634,3631,3632,3630=3630,3631,3632,3634$
5541,5548,5546,5545=5541,5545,5546,5548$
5299,5296,5298,5293=5293,5296,5298,5299$
2372,2375,2374,2377=2372,2374,2375,2377$
2725,2729,2722,2720=2720,2722,2725,2729$
3526,3523,3525,3522=3522,3523,3525,3526$
8113,8119,8117,8116=8113,8116,8117,8119$
5215,5214,5219,5216=5214,5215,5216,5219$
9959,9953,9954,9957=9953,9954,9957,9959$
4187,4183,4186,4181=4181,4183,4186,4187$
4067,4065,4062,4061=4061,4062,4065,4067$
6723,6725,6726,6729=6723,6725,6726,6729$
9344,9348,9343,9346=9343,9344,9346,9348$
5281,5284,5286,5285=5281,5284,5285,5286$
7883,7888,7889,7882=7882,7883,7888,7889$
5152,5159,5154,5158=5152,5154,5158,5159$
2892,2897,2896,2899=2892,2896,2897,2899$
2901,2905,2900,2902=2900,2901,2902,2905$
2164,2161,2160,2165=2160,2161,2164,2165$
9650,9652,9653,9656=9650,9652,9653,9656$
3199,3192,3191,3195=3191,3192,3195,3199$
1924,1928,1925,1923=1923,1924,1925,1928$
3466,3468,3464,3467=3464,3466,3467,3468$
4083,4089,4080,4085=4080,4083,4085,4089$
5816,5813,5814,5810=5810,5813,5814,5816$
3041,3046,3045,3049=3041,3045,3046,3049$
7549,7541,7547,7542=7541,7542,7547,7549$
1850,1852,1856,1858=1850,1852,1856,1858$
2734,2737,2732,2730=2730,2732,2734,2737$
9264,9268,9261,9266=9261,9264,9266,9268$
9144,9140,9146,9141=9140,9141,9144,9146$
8592,8598,8599,8595=8592,8595,8598,8599$
6736,6735,6739,6731=6731,6735,6736,6739$
2787,2782,2781,2784=2781,2782,2784,2787$
2225,2228,2227,2226=2225,2226,2227,2228$
4783,4780,4787,4781=4780,4781,4783,4787$
4286,4281,4283,4288=4281,4283,4286,4288$
5176,5174,5177,5178=5174,5176,5177,5178$
3878,3879,3875,3876=3875,3876,3878,3879$
2205,2207,2204,2206=2204,2205,2206,2207$
1137,1130,1136,1138=1130,1136,1137,1138$
8614,8612,8610,8618=8610,8612,8614,8618$
8989,8983,8980,8986=8980,8983,8986,8989$
3812,3814,3811,3818=3811,3812,3814,3818$
3289,3281,3283,3288=3281,3283,3288,3289$
3006,3008,3003,3004=3003,3004,3006,3008$
9454,9456,9451,9455=9451,9454,9455,9456$
9105,9104,9102,9100=9100,9102,9104,9105$
5836,5834,5835,5833=5833,5834,5835,5836$
2928,2923,2927,2920=2920,2923,2927,2928$
1401,1407,1403,1408=1401,1403,1407,1408$
4033,4036,4031,4037=4031,4033,4036,4037$
3937,3931,3936,3930=3930,3931,3936,3937$
2746,2742,2749,2745=2742,2745,2746,2749$
6597,6598,6595,6594=6594,6595,6597,6598$
6065,6067,6062,6064=6062,6064,6065,6067$
5077,5071,5074,5075=5071,5074,5075,5077$
5953,5956,5957,5958=5953,5956,5957,5958$
9844,9845,9849,9846=9844,9845,9846,9849$
5606,5609,5604,5608=5604,5606,5608,5609$
3016,3010,3019,3017=3010,3016,3017,3019$
1105,1106,1108,1104=1104,1105,1106,1108$
1296,1291,1293,1298=1291,1293,1296,1298$
6301,6309,6308,6304=6301,6304,6308,6309$
8684,8682,8686,8687=8682,8684,8686,8687$
1130,1132,1137,1135=1130,1132,1135,1137$
6581,6585,6584,6588=6581,6584,6585,6588$
9063,9064,9068,9060=9060,9063,9064,9068$
6154,6150,6159,6157=6150,6154,6157,6159$
6601,6605,6603,6607=6601,6603,6605,6607$
2151,2154,2152,2157=2151,2152,2154,2157$
5429,5426,5423,5428=5423,5426,5428,5429$
5743,5745,5744,5741=5741,5743,5744,5745$
5072,5074,5070,5071=5070,5071,5072,5074$
3963,3961,3966,3960=3960,3961,3963,3966$
2125,2124,2128,2123=2123,2124,2125,2128$
2147,2143,2149,2145=2143,2145,2147,2149$
6014,6010,6018,6015=6010,6014,6015,6018$
2894,2898,2893,2892=2892,2893,2894,2898$
7120,7126,7121,7127=7120,7121,7126,7127$
9847,9845,9846,9848=9845,9846,9847,9848$
5320,5325,5321,5323=5320,5321,5323,5325$
6619,6615,6613,6617=6613,6615,6617,6619$
1454,1452,1455,1456=1452,1454,1455,1456$
8425,8421,8422,8423=8421,8422,8423,8425$
9352,9359,9353,9350=9350,9352,9353,9359$
2826,2822,2827,2821=2821,2822,2826,2827$
7900,7905,7906,7902=7900,7902,7905,7906$
1225,1229,1224,1221=1221,1224,1225,1229$
3385,3389,3386,3381=3381,3385,3386,3389$
5704,5700,5703,5709=5700,5703,5704,5709$
7257,7258,7255,7253=7253,7255,7257,7258$
1647,1646,1640,1645=1640,1645,1646,1647$
3253,3258,3257,3255=3253,3255,3257,3258$
4674,4673,4672,4675=4672,4673,4674,4675$
2560,2564,2568,2562=2560,2562,2564,2568$
7477,7478,7471,7475=7471,7475,7477,7478$
5207,5202,5208,5206=5202,5206,5207,5208$
2304,2305,2300,2302=2300,2302,2304,2305$
7847,7843,7842,7849=7842,7843,7847,7849$
4759,4756,4752,4754=4752,4754,4756,4759$
5876,5872,5879,5873=5872,5873,5876,5879$
9342,9344,9349,9348=9342,9344,9348,9349$
3847,3846,3843,3841=3841,3843,3846,3847$
1690,1699,1697,1694=1690,1694,1697,1699$
3728,3721,3729,3722=3721,3722,3728,3729$
6453,6455,6454,6452=6452,6453,6454,6455$
4872,4871,4875,4873=4871,4872,4873,4875$
2538,2539,2537,2534=2534,2537,2538,2539$
9309,9304,9300,9305=9300,9304,9305,9309$
1044,1041,1048,1045=1041,1044,1045,1048$
8202,8206,8203,8204=8202,8203,8204,8206$
2068,2064,2063,2066=2063,2064,2066,2068$
2889,2888,2886,2885=2885,2886,2888,2889$
5782,5789,5788,5780=5780,5782,5788,5789$
1487,1488,1484,1483=1483,1484,1487,1488$
7615,7610,7613,7617=7610,7613,7615,7617$
1832,1830,1833,1839=1830,1832,1833,1839$
8967,8969,8968,8965=8965,8967,8968,8969$
5935,5931,5933,5939=5931,5933,5935,5939$
6751,6753,6759,6755=6751,6753,6755,6759$
7460,7464,7467,7463=7460,7463,7464,7467$
4281,4283,4288,4280=4280,4281,4283,4288$
1609,1608,1604,1600=1600,1604,1608,1609$
3914,3913,3917,3915=3913,3914,3915,3917$
5278,5273,5271,5276=5271,5273,5276,5278$
6110,6112,6116,6115=6110,6112,6115,6116$
4116,4115,4113,4119=4113,4115,4116,4119$
4458,4455,4451,4456=4451,4455,4456,4458$
6291,6297,6293,6296=6291,6293,6296,6297$
3868,3860,3869,3866=3860,3866,3868,3869$
9508,9507,9509,9506=9506,9507,9508,9509$
1149,1148,1146,1145=1145,1146,1148,1149$
6225,6227,6229,6224=6224,6225,6227,6229$
6888,6883,6880,6881=6880,6881,6883,6888$
3069,3062,3061,3064=3061,3062,3064,3069$
5285,5282,5280,5286=5280,5282,5285,5286$
5694,5698,5699,5690=5690,5694,5698,5699$
5016,5014,5017,5015=5014,5015,5016,5017$
7102,7107,7101,7108=7101,7102,7107,7108$
2259,2258,2257,2255=2255,2257,2258,2259$
8995,8999,8993,8994=8993,8994,8995,8999$
6890,6899,6891,6898=6890,6891,6898,6899$
9015,9012,9010,9013=9010,9012,9013,9015$
8624,8625,8627,8628=8624,8625,8627,8628$
6191,6192,6193,6197=6191,6192,6193,6197$
9176,9178,9177,9171=9171,9176,9177,9178$
1830,1839,1836,1835=1830,1835,1836,1839$
9702,9708,9709,9705=9702,9705,9708,9709$
6987,6982,6986,6980=6980,6982,6986,6987$
5604,5605,5603,5606=5603,5604,5605,5606$
3293,3298,3296,3295=3293,3295,3296,3298$
6370,6374,6371,6373=6370,6371,6373,6374$
4553,4556,4550,4551=4550,4551,4553,4556$
7270,7275,7274,7271=7270,7271,7274,7275$
2009,2005,2007,2008=2005,2007,2008,2009$
7659,7650,7655,7657=7650,7655,7657,7659$
7179,7171,7174,7178=7171,7174,7178,7179$
1268,1266,1260,1264=1260,1264,1266,1268$
9803,9809,9804,9808=9803,9804,9808,9809$
9350,9351,9359,9352=9350,9351,9352,9359$
9633,9637,9638,9639=9633,9637,9638,9639$
4451,4457,4452,4453=4451,4452,4453,4457$
2227,2225,2222,2224=2222,2224,2225,2227$
7503,7501,7508,7507=7501,7503,7507,7508$
8919,8916,8912,8915=8912,8915,8916,8919$
3688,3684,3685,3687=3684,3685,3687,3688$
1369,1362,1365,1363=1362,1363,1365,1369$
7795,7798,7793,7790=7790,7793,7795,7798$
7087,7088,7080,7083=7080,7083,7087,7088$
2126,2129,2127,2125=2125,2126,2127,2129$
7924,7923,7921,7926=7921,7923,7924,7926$
2849,2845,2848,2847=2845,2847,2848,2849$
6461,6468,6469,6462=6461,6462,6468,6469$
3707,3706,3700,3704=3700,3704,3706,3707$
8874,8877,8872,8876=8872,8874,8876,8877$
8852,8851,8859,8850=8850,8851,8852,8859$
1776,1777,1773,1778=1773,1776,1777,1778$
2082,2081,2089,2086=2081,2082,2086,2089$
3065,3063,3067,3062=3062,3063,3065,3067$
7976,7972,7971,7978=7971,7972,7976,7978$
9315,9317,9318,9316=9315,9316,9317,9318$
5645,5649,5643,5640=5640,5643,5645,5649$
7960,7963,7962,7967=7960,7962,7963,7967$
6354,6358,6356,6353=6353,6354,6356,6358$
2269,2261,2267,2266=2261,2266,2267,2269$
8257,8255,8252,8259=8252,8255,8257,8259$
6210,6215,6212,6216=6210,6212,6215,6216$
2394,2391,2397,2398=2391,2394,2397,2398$
9166,9162,9164,9169=9162,9164,9166,9169$
9999,9994,9996,9991=9991,9994,9996,9999$
2105,2100,2101,2106=2100,2101,2105,2106$
6536,6537,6530,6532=6530,6532,6536,6537$
7349,7348,7340,7346=7340,7346,7348,7349$
7815,7811,7819,7810=7810,7811,7815,7819$
9231,9239,9232,9234=9231,9232,9234,9239$
4414,4410,4416,4415=4410,4414,4415,4416$
4201,4206,4204,4200=4200,4201,4204,4206$
1220,1229,1224,1226=1220,1224,1226,1229$
7192,7197,7193,7196=7192,7193,7196,7197$
7264,7269,7262,7265=7262,7264,7265,7269$
3743,3742,3748,3741=3741,3742,3743,3748$
3097,3091,3092,3094=3091,3092,3094,3097$
8955,8950,8951,8958=8950,8951,8955,8958$
5427,5428,5424,5422=5422,5424,5427,5428$
1592,1591,1596,1598=1591,1592,1596,1598$
6488,6482,6484,6486=6482,6484,6486,6488$
6779,6777,6774,6773=6773,6774,6777,6779$
6566,6567,6561,6563=6561,6563,6566,6567$
2753,2750,2757,2751=2750,2751,2753,2757$
3627,3628,3623,3629=3623,3627,3628,3629$
6882,6885,6884,6888=6882,6884,6885,6888$
5207,5203,5204,5209=5203,5204,5207,5209$
4777,4773,4771,4774=4771,4773,4774,4777$
3659,3658,3650,3655=3650,3655,3658,3659$
5892,5898,5897,5899=5892,5897,5898,5899$
6072,6075,6074,6071=6071,6072,6074,6075$
6668,6663,6660,6669=6660,6663,6668,6669$
9866,9864,9863,9861=9861,9863,9864,9866$
9334,9331,9339,9330=9330,9331,9334,9339$
6943,6948,6940,6944=6940,6943,6944,6948$
2248,2241,2240,2243=2240,2241,2243,2248$
4871,4873,4878,4876=4871,4873,4876,4878$
2583,2580,2586,2589=2580,2583,2586,2589$
4915,4919,4914,4918=4914,4915,4918,4919$
4839,4834,4833,4831=4831,4833,4834,4839$
2449,2446,2440,2448=2440,2446,2448,2449$
1809,1807,1802,1801=1801,1802,1807,1809$
2715,2718,2710,2712=2710,2712,2715,2718$
5847,5845,5843,5841=5841,5843,5845,5847$
6807,6802,6804,6805=6802,6804,6805,6807$
6350,6356,6358,6355=6350,6355,6356,6358$
7693,7698,7690,7692=7690,7692,7693,7698$
3279,3274,3277,3272=3272,3274,3277,3279$
2960,2967,2968,2962=2960,2962,2967,2968$
4868,4863,4861,4860=4860,4861,4863,4868$
2941,2945,2944,2946=2941,2944,2945,2946$
8327,8329,8328,8325=8325,8327,8328,8329$
4370,4372,4379,4378=4370,4372,4378,4379$
5786,5788,5787,5782=5782,5786,5787,5788$
4136,4130,4139,4131=4130,4131,4136,4139$
8877,8878,8875,8871=8871,8875,8877,8878$
6454,6457,6455,6452=6452,6454,6455,6457$
4562,4567,4563,4569=4562,4563,4567,4569$
9013,9012,9017,9016=9012,9013,9016,9017$
3928,3927,3926,3929=3926,3927,3928,3929$
8028,8020,8025,8026=8020,8025,8026,8028$
2038,2034,2033,2032=2032,2033,2034,2038$
3700,3702,3709,3701=3700,3701,3702,3709$
9320,9321,9328,9329=9320,9321,9328,9329$
7049,7044,7045,7041=7041,7044,7045,7049$
9478,9477,9474,9475=9474,9475,9477,9478$
5161,5166,5164,5168=5161,5164,5166,5168$
2890,2891,2894,2897=2890,2891,2894,2897$
6207,6208,6206,6201=6201,6206,6207,6208$
5397,5396,5391,5398=5391,5396,5397,5398$
4370,4379,4371,4373=4370,4371,4373,4379$
8816,8812,8818,8814=8812,8814,8816,8818$
9787,9783,9789,9784=9783,9784,9787,9789$
8934,8937,8938,8930=8930,8934,8937,8938$
3470,3477,3478,3474=3470,3474,3477,3478$
5321,5328,5322,5326=5321,5322,5326,5328$
9140,9143,9147,9145=9140,9143,9145,9147$
5507,5506,5503,5501=5501,5503,5506,5507$
9415,9414,9410,9411=9410,9411,9414,9415$
1831,1832,1837,1833=1831,1832,1833,1837$
4788,4780,4786,4789=4780,4786,4788,4789$
7175,7171,7179,7173=7171,7173,7175,7179$
1434,1431,1432,1433=1431,1432,1433,1434$
3964,3960,3967,3962=3960,3962,3964,3967$
7495,7493,7496,7498=7493,7495,7496,7498$
1950,1955,1952,1959=1950,1952,1955,1959$
9360,9361,9365,9362=9360,9361,9362,9365$
4067,4068,4063,4060=4060,4063,4067,4068$
2843,2841,2840,2842=2840,2841,2842,2843$
9762,9768,9761,9766=9761,9762,9766,9768$
4340,4341,4344,4342=4340,4341,4342,4344$
7781,7782,7785,7784=7781,7782,7784,7785$
1479,1473,1476,1470=1470,1473,1476,1479$
7113,7112,7114,7115=7112,7113,7114,7115$
1630,1637,1633,1636=1630,1633,1636,1637$
6978,6979,6973,6974=6973,6974,6978,6979$
8918,8910,8915,8911=8910,8911,8915,8918$
3786,3787,3782,3781=3781,3782,3786,3787$
1850,1854,1856,1855=1850,1854,1855,1856$
2715,2719,2716,2713=2713,2715,2716,2719$
8170,8178,8174,8177=8170,8174,8177,8178$
5849,5842,5847,5848=5842,5847,5848,5849$
5987,5982,5984,5981=5981,5982,5984,5987$
3567,3565,3560,3568=3560,3565,3567,3568$
1879,1873,1871,1876=1871,1873,1876,1879$
9522,9520,9529,9524=9520,9522,9524,9529$
7432,7430,7433,7438=7430,7432,7433,7438$
4487,4486,4488,4489=4486,4487,4488,4489$
1203,1206,1200,1205=1200,1203,1205,1206$
7314,7315,7311,7318=7311,7314,7315,7318$
5644,5648,5640,5649=5640,5644,5648,5649$
7550,7552,7556,7557=7550,7552,7556,7557$
1278,1275,1272,1273=1272,1273,1275,1278$
7322,7320,7328,7321=7320,7321,7322,7328$
7784,7789,7787,7786=7784,7786,7787,7789$
4017,4018,4019,4013=4013,4017,4018,4019$
4957,4954,4958,4952=4952,4954,4957,4958$
6047,6040,6044,6046=6040,6044,6046,6047$
8676,8679,8672,8670=8670,8672,8676,8679$
9976,9973,9974,9970=9970,9973,9974,9976$
7971,7972,7973,7974=7971,7972,7973,7974$
5008,5006,5000,5004=5000,5004,5006,5008$
7446,7449,7445,7444=7444,7445,7446,7449$
5445,5441,5442,5447=5441,5442,5445,5447$
6860,6865,6869,6864=6860,6864,6865,6869$
7701,7708,7700,7707=7700,7701,7707,7708$
7567,7569,7565,7566=7565,7566,7567,7569$
2081,2084,2083,2087=2081,2083,2084,2087$
8817,8812,8811,8816=8811,8812,8816,8817$
5220,5225,5221,5229=5220,5221,5225,5229$
9659,9653,9654,9655=9653,9654,9655,9659$
4694,4690,4697,4695=4690,4694,4695,4697$
9858,9850,9854,9857=9850,9854,9857,9858$
8111,8114,8113,8115=8111,8113,8114,8115$
6045,6048,6044,6042=6042,6044,6045,6048$
9349,9347,9343,9344=9343,9344,9347,9349$
3471,3479,3470,3478=3470,3471,3478,3479$
7200,7202,7208,7207=7200,7202,7207,7208$
9508,9503,9504,9501=9501,9503,9504,9508$
5897,5890,5899,5895=5890,5895,5897,5899$
8975,8979,8974,8973=8973,8974,8975,8979$
2955,2951,2959,2958=2951,2955,2958,2959$
6154,6158,6157,6153=6153,6154,6157,6158$
3144,3147,3142,3146=3142,3144,3146,3147$
1520,1522,1528,1526=1520,1522,1526,1528$
9489,9488,9480,9485=9480,9485,9488,9489$
4997,4995,4990,4992=4990,4992,4995,4997$
7168,7160,7165,7162=7160,7162,7165,7168$
7218,7210,7213,7216=7210,7213,7216,7218$
1043,1042,1048,1041=1041,1042,1043,1048$
3419,3417,3410,3415=3410,3415,3417,3419$
6990,6991,6997,6994=6990,6991,6994,6997$
2157,2150,2151,2155=2150,2151,2155,2157$
1906,1901,1904,1909=1901,1904,1906,1909$
4454,4451,4453,4450=4450,4451,4453,4454$
9329,9328,9323,9326=9323,9326,9328,9329$
4893,4892,4891,4899=4891,4892,4893,4899$
4789,4785,4783,4782=4782,4783,4785,4789$
4005,4004,4003,4007=4003,4004,4005,4007$
7043,7049,7041,7047=7041,7043,7047,7049$
3821,3828,3827,3823=3821,3823,3827,3828$
2378,2372,2373,2371=2371,2372,2373,2378$
8291,8299,8295,8297=8291,8295,8297,8299$
7201,7200,7203,7208=7200,7201,7203,7208$
9537,9536,9534,9531=9531,9534,9536,9537$
9602,9606,9608,9609=9602,9606,9608,9609$
7434,7430,7439,7432=7430,7432,7434,7439$
3024,3027,3025,3022=3022,3024,3025,3027$
9792,9799,9796,9798=9792,9796,9798,9799$
6126,6122,6125,6127=6122,6125,6126,6127$
8559,8552,8556,8553=8552,8553,8556,8559$
9706,9709,9703,9705=9703,9705,9706,9709$
9489,9480,9483,9488=9480,9483,9488,9489$
4286,4289,4280,4287=4280,4286,4287,4289$
3901,3900,3906,3903=3900,3901,3903,3906$
2119,2118,2115,2111=2111,2115,2118,2119$
2089,2088,2082,2087=2082,2087,2088,2089$
6158,6151,6159,6153=6151,6153,6158,6159$
8487,8489,8483,8480=8480,8483,8487,8489$
3877,3878,3872,3879=3872,3877,3878,3879$
2859,2858,2850,2857=2850,2857,2858,2859$
1602,1608,1601,1605=1601,1602,1605,1608$
7352,7356,7353,7357=7352,7353,7356,7357$
4600,4602,4605,4607=4600,4602,4605,4607$
5729,5727,5722,5726=5722,5726,5727,5729$
8520,8527,8521,8525=8520,8521,8525,8527$
7830,7837,7836,7833=7830,7833,7836,7837$
2141,2142,2146,2147=2141,2142,2146,2147$
8006,8008,8003,8004=8003,8004,8006,8008$
3360,3368,3367,3363=3360,3363,3367,3368$
5106,5102,5101,5100=5100,5101,5102,5106$
7350,7356,7351,7354=7350,7351,7354,7356$
3595,3599,3590,3594=3590,3594,3595,3599$
6926,6920,6924,6923=6920,6923,6924,6926$
7819,7815,7818,7810=7810,7815,7818,7819$
8874,8875,8879,8873=8873,8874,8875,8879$
8373,8370,8374,8371=8370,8371,8373,8374$
9970,9979,9978,9977=9970,9977,9978,9979$
1662,1669,1668,1661=1661,1662,1668,1669$
2819,2817,2811,2818=2811,2817,2818,2819$
6405,6403,6406,6408=6403,6405,6406,6408$
9520,9524,9526,9525=9520,9524,9525,9526$
9599,9593,9598,9596=9593,9596,9598,9599$
4961,4966,4964,4968=4961,4964,4966,4968$
9577,9579,9573,9570=9570,9573,9577,9579$
7206,7204,7202,7208=7202,7204,7206,7208$
2417,2413,2412,2414=2412,2413,2414,2417$
3148,3149,3146,3141=3141,3146,3148,3149$
9598,9599,9593,9595=9593,9595,9598,9599$
9528,9524,9520,9526=9520,9524,9526,9528$
1751,1757,1759,1758=1751,1757,1758,1759$
7626,7625,7628,7620=7620,7625,7626,7628$
5961,5966,5960,5965=5960,5961,5965,5966$
9861,9868,9863,9864=9861,9863,9864,9868$
1640,1648,1646,1642=1640,1642,1646,1648$
4813,4810,4817,4818=4810,4813,4817,4818$
9846,9847,9840,9845=9840,9845,9846,9847$
4814,4819,4817,4813=4813,4814,4817,4819$
7661,7660,7663,7666=7660,7661,7663,7666$
8804,8806,8801,8805=8801,8804,8805,8806$
4913,4912,4915,4919=4912,4913,4915,4919$
2071,2077,2073,2074=2071,2073,2074,2077$
6584,6583,6581,6582=6581,6582,6583,6584$
4201,4209,4207,4205=4201,4205,4207,4209$
8377,8376,8378,8374=8374,8376,8377,8378$
8536,8533,8534,8532=8532,8533,8534,8536$
2013,2010,2014,2016=2010,2013,2014,2016$
9320,9329,9324,9326=9320,9324,9326,9329$
3965,3967,3969,3968=3965,3967,3968,3969$
9066,9067,9064,9069=9064,9066,9067,9069$
4696,4693,4690,4694=4690,4693,4694,4696$
5035,5036,5033,5037=5033,5035,5036,5037$
3530,3535,3536,3531=3530,3531,3535,3536$
9101,9100,9108,9107=9100,9101,9107,9108$
3804,3802,3807,3805=3802,3804,3805,3807$
9613,9612,9614,9619=9612,9613,9614,9619$
3187,3186,3185,3189=3185,3186,3187,3189$
3620,3625,3628,3622=3620,3622,3625,3628$
2347,2345,2344,2341=2341,2344,2345,2347$
9213,9212,9218,9217=9212,9213,9217,9218$
5849,5847,5840,5844=5840,5844,5847,5849$
1754,1758,1757,1753=1753,1754,1757,1758$
6645,6642,6648,6640=6640,6642,6645,6648$
2619,2615,2614,2613=2613,2614,2615,2619$
3329,3322,3323,3324=3322,3323,3324,3329$
9562,9560,9568,9566=9560,9562,9566,9568$
8198,8193,8197,8199=8193,8197,8198,8199$
9383,9380,9382,9386=9380,9382,9383,9386$
2181,2187,2185,2188=2181,2185,2187,2188$
9201,9208,9203,9200=9200,9201,9203,9208$
8454,8459,8451,8458=8451,8454,8458,8459$
6355,6359,6351,6356=6351,6355,6356,6359$
1877,1872,1878,1873=1872,1873,1877,1878$
5697,5696,5698,5694=5694,5696,5697,5698$
3532,3535,3531,3534=3531,3532,3534,3535$
1035,1034,1039,1030=1030,1034,1035,1039$
9539,9531,9530,9535=9530,9531,9535,9539$
7656,7658,7650,7652=7650,7652,7656,7658$
2221,2222,2228,2224=2221,2222,2224,2228$
4364,4368,4367,4362=4362,4364,4367,4368$
9119,9118,9113,9117=9113,9117,9118,9119$
2806,2803,2809,2800=2800,2803,2806,2809$
6957,6954,6953,6952=6952,6953,6954,6957$
9447,9440,9449,9448=9440,9447,9448,9449$
7417,7411,7415,7416=7411,7415,7416,7417$
4647,4643,4640,4641=4640,4641,4643,4647$
2792,2797,2793,2796=2792,2793,2796,2797$
8468,8464,8469,8462=8462,8464,8468,8469$
6236,6238,6239,6235=6235,6236,6238,6239$
9120,9125,9127,9126=9120,9125,9126,9127$
9099,9098,9092,9093=9092,9093,9098,9099$
1491,1499,1490,1496=1490,1491,1496,1499$
1548,1546,1544,1547=1544,1546,1547,1548$
5321,5322,5324,5320=5320,5321,5322,5324$
4961,4967,4968,4966=4961,4966,4967,4968$
3935,3930,3939,3936=3930,3935,3936,3939$
2457,2454,2452,2453=2452,2453,2454,2457$
7297,7295,7296,7291=7291,7295,7296,7297$
3452,3454,3451,3456=3451,3452,3454,3456$
8665,8663,8666,8662=8662,8663,8665,8666$
8710,8717,8716,8719=8710,8716,8717,8719$
5900,5906,5907,5909=5900,5906,5907,5909$
9400,9406,9404,9408=9400,9404,9406,9408$
4871,4874,4876,4878=4871,4874,4876,4878$
5091,5099,5092,5093=5091,5092,5093,5099$
9412,9413,9414,9418=9412,9413,9414,9418$
9393,9395,9391,9392=9391,9392,9393,9395$
7865,7863,7862,7869=7862,7863,7865,7869$
3778,3777,3779,3772=3772,3777,3778,3779$
1645,1643,1642,1646=1642,1643,1645,1646$
2246,2242,2243,2245=2242,2243,2245,2246$
6025,6029,6026,6028=6025,6026,6028,6029$
9316,9313,9317,9312=9312,9313,9316,9317$
7669,7660,7663,7667=7660,7663,7667,7669$
4335,4338,4337,4333=4333,4335,4337,4338$
5456,5451,5457,5458=5451,5456,5457,5458$
7029,7021,7024,7026=7021,7024,7026,7029$
4562,4565,4563,4568=4562,4563,4565,4568$
2222,2223,2227,2228=2222,2223,2227,2228$
3678,3670,3674,3677=3670,3674,3677,3678$
7526,7529,7521,7522=7521,7522,7526,7529$
4885,4883,4882,4889=4882,4883,4885,4889$
5232,5236,5231,5239=5231,5232,5236,5239$
2385,2384,2386,2388=2384,2385,2386,2388$
6263,6265,6269,6266=6263,6265,6266,6269$
7927,7923,7921,7929=7921,7923,7927,7929$
2587,2581,2580,2589=2580,2581,2587,2589$
6434,6439,6437,6433=6433,6434,6437,6439$
4932,4935,4931,4938=4931,4932,4935,4938$
3567,3566,3568,3564=3564,3566,3567,3568$
5797,5794,5799,5798=5794,5797,5798,5799$
3399,3393,3395,3397=3393,3395,3397,3399$
8757,8752,8758,8753=8752,8753,8757,8758$
1489,1481,1486,1488=1481,1486,1488,1489$
4156,4151,4158,4154=4151,4154,4156,4158$
9088,9084,9087,9085=9084,9085,9087,9088$
3212,3217,3219,3210=3210,3212,3217,3219$
3626,3627,3624,3625=3624,3625,3626,3627$
7522,7528,7527,7525=7522,7525,7527,7528$
3872,3876,3870,3875=3870,3872,3875,3876$
6569,6562,6561,6563=6561,6562,6563,6569$
6321,6320,6325,6329=6320,6321,6325,6329$
7145,7147,7142,7144=7142,7144,7145,7147$
4315,4319,4314,4310=4310,4314,4315,4319$
7020,7022,7027,7021=7020,7021,7022,7027$
3181,3184,3187,3189=3181,3184,3187,3189$
2723,2729,2722,2728=2722,2723,2728,2729$
7228,7222,7226,7229=7222,7226,7228,7229$
6430,6432,6435,6433=6430,6432,6433,6435$
7422,7423,7427,7426=7422,7423,7426,7427$
6098,6096,6095,6097=6095,6096,6097,6098$
7965,7962,7967,7963=7962,7963,7965,7967$
1122,1124,1120,1126=1120,1122,1124,1126$
7649,7640,7642,7643=7640,7642,7643,7649$
4937,4935,4932,4936=4932,4935,4936,4937$
1259,1256,1250,1258=1250,1256,1258,1259$
2387,2380,2383,2386=2380,2383,2386,2387$
1836,1837,1835,1834=1834,1835,1836,1837$
2110,2113,2112,2115=2110,2112,2113,2115$
3367,3365,3369,3361=3361,3365,3367,3369$
5086,5082,5081,5083=5081,5082,5083,5086$
7726,7728,7729,7722=7722,7726,7728,7729$
4017,4013,4015,4019=4013,4015,4017,4019$
7304,7308,7303,7305=7303,7304,7305,7308$
8278,8271,8277,8279=8271,8277,8278,8279$
6691,6695,6694,6696=6691,6694,6695,6696$
3516,3515,3514,3511=3511,3514,3515,3516$
9123,9120,9122,9126=9120,9122,9123,9126$
2523,2525,2524,2527=2523,2524,2525,2527$
7657,7656,7655,7658=7655,7656,7657,7658$
2584,2581,2588,2586=2581,2584,2586,2588$
6860,6868,6867,6863=6860,6863,6867,6868$
7299,7290,7292,7296=7290,7292,7296,7299$
4534,4538,4537,4533=4533,4534,4537,4538$
9038,9033,9034,9032=9032,9033,9034,9038$
6669,6667,6664,6665=6664,6665,6667,6669$
1905,1904,1903,1901=1901,1903,1904,1905$
9517,9516,9519,9510=9510,9516,9517,9519$
8194,8199,8196,8193=8193,8194,8196,8199$
7289,7285,7286,7281=7281,7285,7286,7289$
3137,3134,3136,3132=3132,3134,3136,3137$
9731,9738,9737,9732=9731,9732,9737,9738$
4616,4613,4612,4615=4612,4613,4615,4616$
1580,1584,1582,1585=1580,1582,1584,1585$
1114,1118,1116,1117=1114,1116,1117,1118$
9107,9103,9105,9100=9100,9103,9105,9107$
1063,1062,1067,1064=1062,1063,1064,1067$
5029,5025,5024,5021=5021,5024,5025,5029$
6021,6026,6028,6022=6021,6022,6026,6028$
9898,9897,9892,9896=9892,9896,9897,9898$
5466,5460,5468,5463=5460,5463,5466,5468$
1732,1735,1731,1730=1730,1731,1732,1735$
3763,3769,3767,3768=3763,3767,3768,3769$
7859,7851,7855,7850=7850,7851,7855,7859$
7833,7830,7837,7835=7830,7833,7835,7837$
7878,7875,7873,7877=7873,7875,7877,7878$
8103,8108,8105,8109=8103,8105,8108,8109$
1222,1221,1227,1226=1221,1222,1226,1227$
7188,7182,7181,7180=7180,7181,7182,7188$
7786,7789,7788,7780=7780,7786,7788,7789$
1257,1254,1258,1256=1254,1256,1257,1258$
4050,4056,4053,4058=4050,4053,4056,4058$
7223,7226,7229,7225=7223,7225,7226,7229$
8371,8377,8378,8376=8371,8376,8377,8378$
9039,9038,9037,9033=9033,9037,9038,9039$
3811,3815,3813,3818=3811,3813,3815,3818$
5891,5898,5890,5894=5890,5891,5894,5898$
8010,8018,8012,8014=8010,8012,8014,8018$
4820,4826,4828,4825=4820,4825,4826,4828$
5377,5375,5373,5374=5373,5374,5375,5377$
8251,8255,8258,8259=8251,8255,8258,8259$
2061,2062,2066,2068=2061,2062,2066,2068$
2138,2139,2137,2134=2134,2137,2138,2139$
6579,6570,6578,6572=6570,6572,6578,6579$
6325,6326,6320,6328=6320,6325,6326,6328$
1616,1611,1619,1613=1611,1613,1616,1619$
7787,7782,7784,7785=7782,7784,7785,7787$
5177,5172,5173,5179=5172,5173,5177,5179$
7776,7775,7779,7772=7772,7775,7776,7779$
6622,6625,6624,6621=6621,6622,6624,6625$
9368,9362,9361,9366=9361,9362,9366,9368$
9426,9428,9422,9420=9420,9422,9426,9428$
3900,3901,3906,3909=3900,3901,3906,3909$
3193,3197,3198,3194=3193,3194,3197,3198$
3603,3601,3602,3606=3601,3602,3603,3606$
9915,9919,9917,9914=9914,9915,9917,9919$
8948,8944,8942,8940=8940,8942,8944,8948$
8720,8726,8727,8723=8720,8723,8726,8727$
4726,4729,4723,4720=4720,4723,4726,4729$
6270,6271,6272,6277=6270,6271,6272,6277$
6286,6283,6284,6280=6280,6283,6284,6286$
3529,3523,3528,3525=3523,3525,3528,3529$
8975,8977,8971,8970=8970,8971,8975,8977$
8621,8627,8625,8626=8621,8625,8626,8627$
4754,4751,4757,4755=4751,4754,4755,4757$
1015,1016,1010,1013=1010,1013,1015,1016$
9130,9135,9133,9138=9130,9133,9135,9138$
7984,7985,7983,7989=7983,7984,7985,7989$
3872,3870,3875,3879=3870,3872,3875,3879$
2917,2918,2916,2914=2914,2916,2917,2918$
9744,9743,9749,9747=9743,9744,9747,9749$
3528,3520,3525,3524=3520,3524,3525,3528$
6806,6801,6807,6803=6801,6803,6806,6807$
3202,3204,3200,3201=3200,3201,3202,3204$
2099,2095,2093,2094=2093,2094,2095,2099$
4529,4524,4521,4525=4521,4524,4525,4529$
3914,3919,3912,3910=3910,3912,3914,3919$
7855,7851,7859,7852=7851,7852,7855,7859$
8316,8318,8312,8319=8312,8316,8318,8319$
6524,6521,6526,6522=6521,6522,6524,6526$
3558,3556,3553,3554=3553,3554,3556,3558$
9166,9161,9165,9167=9161,9165,9166,9167$
4462,4468,4461,4465=4461,4462,4465,4468$
6519,6516,6515,6518=6515,6516,6518,6519$
4399,4395,4390,4397=4390,4395,4397,4399$
2720,2722,2725,2727=2720,2722,2725,2727$
4617,4615,4612,4618=4612,4615,4617,4618$
6273,6271,6270,6272=6270,6271,6272,6273$
4293,4296,4298,4291=4291,4293,4296,4298$
9841,9849,9842,9846=9841,9842,9846,9849$
9363,9364,9362,9361=9361,9362,9363,9364$
7467,7468,7462,7464=7462,7464,7467,7468$
3170,3172,3175,3177=3170,3172,3175,3177$
4002,4001,4005,4003=4001,4002,4003,4005$
6627,6624,6625,6622=6622,6624,6625,6627$
7829,7828,7825,7821=7821,7825,7828,7829$
2752,2750,2756,2757=2750,2752,2756,2757$
4219,4214,4217,4218=4214,4217,4218,4219$
6483,6486,6480,6487=6480,6483,6486,6487$
2927,2924,2929,2928=2924,2927,2928,2929$
4558,4552,4554,4553=4552,4553,4554,4558$
2371,2374,2373,2376=2371,2373,2374,2376$
8215,8217,8216,8212=8212,8215,8216,8217$
5988,5980,5984,5983=5980,5983,5984,5988$
7925,7924,7920,7927=7920,7924,7925,7927$
3842,3840,3841,3845=3840,3841,3842,3845$
3246,3244,3240,3249=3240,3244,3246,3249$
9417,9414,9412,9411=9411,9412,9414,9417$
3139,3138,3134,3130=3130,3134,3138,3139$
8843,8840,8845,8842=8840,8842,8843,8845$
6606,6601,6604,6605=6601,6604,6605,6606$
2372,2370,2375,2373=2370,2372,2373,2375$
5322,5329,5321,5320=5320,5321,5322,5329$
9367,9369,9360,9364=9360,9364,9367,9369$
4303,4304,4302,4306=4302,4303,4304,4306$
1161,1167,1160,1166=1160,1161,1166,1167$
9653,9655,9652,9656=9652,9653,9655,9656$
8978,8974,8972,8977=8972,8974,8977,8978$
3884,3888,3887,3882=3882,3884,3887,3888$
1634,1636,1631,1639=1631,1634,1636,1639$
1186,1188,1182,1183=1182,1183,1186,1188$
3400,3403,3401,3409=3400,3401,3403,3409$
8015,8014,8018,8010=8010,8014,8015,8018$
1717,1713,1719,1716=1713,1716,1717,1719$
6955,6951,6956,6954=6951,6954,6955,6956$
1069,1065,1063,1064=1063,1064,1065,1069$
9521,9522,9525,9524=9521,9522,9524,9525$
2713,2716,2715,2710=2710,2713,2715,2716$
1544,1548,1540,1546=1540,1544,1546,1548$
7217,7213,7214,7212=7212,7213,7214,7217$
3228,3226,3221,3227=3221,3226,3227,3228$
5266,5267,5269,5260=5260,5266,5267,5269$
5784,5789,5786,5785=5784,5785,5786,5789$
4218,4214,4217,4215=4214,4215,4217,4218$
3552,3559,3555,3557=3552,3555,3557,3559$
8672,8673,8677,8678=8672,8673,8677,8678$
8741,8743,8742,8740=8740,8741,8742,8743$
1363,1360,1365,1367=1360,1363,1365,1367$
6476,6474,6478,6473=6473,6474,6476,6478$
1452,1455,1457,1453=1452,1453,1455,1457$
9094,9096,9090,9098=9090,9094,9096,9098$
7708,7704,7701,7706=7701,7704,7706,7708$
7399,7397,7392,7394=7392,7394,7397,7399$
8039,8031,8035,8033=8031,8033,8035,8039$
6270,6275,6278,6274=6270,6274,6275,6278$
7966,7968,7969,7962=7962,7966,7968,7969$
5840,5841,5844,5849=5840,5841,5844,5849$
3111,3118,3113,3116=3111,3113,3116,3118$
5827,5824,5828,5822=5822,5824,5827,5828$
1591,1595,1599,1598=1591,1595,1598,1599$
5972,5974,5979,5978=5972,5974,5978,5979$
5078,5075,5072,5077=5072,5075,5077,5078$
5103,5100,5107,5105=5100,5103,5105,5107$
9060,9061,9064,9066=9060,9061,9064,9066$
3161,3162,3160,3164=3160,3161,3162,3164$
3327,3328,3322,3329=3322,3327,3328,3329$
1148,1141,1142,1144=1141,1142,1144,1148$
7344,7349,7341,7346=7341,7344,7346,7349$
8104,8108,8107,8101=8101,8104,8107,8108$
1561,1563,1564,1568=1561,1563,1564,1568$
3763,3767,3760,3762=3760,3762,3763,3767$
4669,4664,4661,4667=4661,4664,4667,4669$
3521,3524,3527,3522=3521,3522,3524,3527$
4664,4662,4665,4661=4661,4662,4664,4665$
5514,5512,5515,5513=5512,5513,5514,5515$
9799,9798,9791,9793=9791,9793,9798,9799$
3750,3752,3756,3759=3750,3752,3756,3759$
9477,9479,9473,9474=9473,9474,9477,9479$
3484,3482,3485,3487=3482,3484,3485,3487$
4205,4204,4201,4208=4201,4204,4205,4208$
6062,6061,6069,6064=6061,6062,6064,6069$
7066,7069,7063,7065=7063,7065,7066,7069$
7609,7604,7601,7606=7601,7604,7606,7609$
7849,7840,7847,7842=7840,7842,7847,7849$
9559,9554,9558,9553=9553,9554,9558,9559$
4259,4254,4258,4253=4253,4254,4258,4259$
4123,4127,4125,4124=4123,4124,4125,4127$
6444,6448,6440,6443=6440,6443,6444,6448$
8944,8949,8948,8943=8943,8944,8948,8949$
5597,5595,5590,5596=5590,5595,5596,5597$
5219,5211,5217,5210=5210,5211,5217,5219$
8511,8515,8516,8514=8511,8514,8515,8516$
1851,1857,1850,1858=1850,1851,1857,1858$
1958,1953,1957,1951=1951,1953,1957,1958$
5752,5755,5751,5753=5751,5752,5753,5755$
8867,8864,8862,8868=8862,8864,8867,8868$
9301,9305,9309,9306=9301,9305,9306,9309$
1017,1018,1014,1013=1013,1014,1017,1018$
6919,6916,6914,6913=6913,6914,6916,6919$
5777,5778,5779,5770=5770,5777,5778,5779$
8375,8377,8371,8376=8371,8375,8376,8377$
2318,2310,2317,2311=2310,2311,2317,2318$
7867,7868,7860,7866=7860,7866,7867,7868$
9561,9560,9568,9567=9560,9561,9567,9568$
4015,4014,4012,4010=4010,4012,4014,4015$
8794,8799,8795,8792=8792,8794,8795,8799$
9042,9040,9045,9043=9040,9042,9043,9045$
5766,5763,5767,5764=5763,5764,5766,5767$
4076,4073,4079,4071=4071,4073,4076,4079$
2602,2605,2600,2609=2600,2602,2605,2609$
5088,5085,5084,5080=5080,5084,5085,5088$
1751,1759,1755,1752=1751,1752,1755,1759$
7846,7844,7842,7840=7840,7842,7844,7846$
8348,8344,8349,8342=8342,8344,8348,8349$
4718,4719,4714,4716=4714,4716,4718,4719$
8080,8086,8085,8082=8080,8082,8085,8086$
4193,4191,4197,4192=4191,4192,4193,4197$
2072,2077,2078,2070=2070,2072,2077,2078$
5283,5280,5288,5289=5280,5283,5288,5289$
8334,8331,8338,8333=8331,8333,8334,8338$
6392,6395,6399,6390=6390,6392,6395,6399$
8318,8316,8315,8312=8312,8315,8316,8318$
6663,6665,6664,6668=6663,6664,6665,6668$
4292,4295,4291,4293=4291,4292,4293,4295$
3994,3992,3990,3995=3990,3992,3994,3995$
9642,9649,9641,9644=9641,9642,9644,9649$
2607,2604,2609,2606=2604,2606,2607,2609$
5414,5410,5412,5413=5410,5412,5413,5414$
1447,1440,1448,1443=1440,1443,1447,1448$
2602,2609,2604,2605=2602,2604,2605,2609$
9943,9945,9944,9948=9943,9944,9945,9948$
6606,6604,6609,6603=6603,6604,6606,6609$
3198,3195,3199,3191=3191,3195,3198,3199$
9956,9954,9959,9958=9954,9956,9958,9959$
8474,8478,8470,8476=8470,8474,8476,8478$
3595,3593,3591,3597=3591,3593,3595,3597$
2982,2987,2985,2980=2980,2982,2985,2987$
5172,5178,5176,5174=5172,5174,5176,5178$
3920,3922,3925,3927=3920,3922,3925,3927$
2150,2151,2155,2158=2150,2151,2155,2158$
6607,6603,6605,6606=6603,6605,6606,6607$
1091,1090,1098,1097=1090,1091,1097,1098$
3128,3126,3121,3127=3121,3126,3127,3128$
2197,2193,2195,2192=2192,2193,2195,2197$
6710,6716,6712,6714=6710,6712,6714,6716$
6276,6277,6275,6279=6275,6276,6277,6279$
4210,4212,4214,4215=4210,4212,4214,4215$
1583,1586,1582,1589=1582,1583,1586,1589$
6900,6907,6902,6901=6900,6901,6902,6907$
3406,3401,3402,3408=3401,3402,3406,3408$
6494,6498,6497,6499=6494,6497,6498,6499$
1464,1463,1460,1465=1460,1463,1464,1465$
5418,5416,5413,5417=5413,5416,5417,5418$
9293,9299,9296,9294=9293,9294,9296,9299$
2800,2806,2808,2802=2800,2802,2806,2808$
7209,7206,7208,7201=7201,7206,7208,7209$
7332,7339,7334,7331=7331,7332,7334,7339$
5898,5894,5895,5891=5891,5894,5895,5898$
5818,5813,5816,5819=5813,5816,5818,5819$
1745,1748,1749,1744=1744,1745,1748,1749$
5212,5213,5218,5216=5212,5213,5216,5218$
2671,2677,2673,2675=2671,2673,2675,2677$
2757,2755,2753,2759=2753,2755,2757,2759$
3847,3846,3848,3845=3845,3846,3847,3848$
3686,3682,3687,3685=3682,3685,3686,3687$
9744,9740,9742,9741=9740,9741,9742,9744$
4574,4575,4578,4579=4574,4575,4578,4579$
2369,2364,2360,2362=2360,2362,2364,2369$
5440,5448,5441,5447=5440,5441,5447,5448$
3463,3462,3469,3467=3462,3463,3467,3469$
2520,2526,2528,2523=2520,2523,2526,2528$
7875,7879,7872,7877=7872,7875,7877,7879$
2494,2498,2496,2493=2493,2494,2496,2498$
6302,6300,6301,6304=6300,6301,6302,6304$
6515,6516,6518,6514=6514,6515,6516,6518$
5982,5981,5988,5987=5981,5982,5987,5988$
6587,6586,6580,6588=6580,6586,6587,6588$
9191,9197,9193,9190=9190,9191,9193,9197$
5887,5888,5881,5886=5881,5886,5887,5888$
3917,3915,3919,3911=3911,3915,3917,3919$
9391,9395,9392,9398=9391,9392,9395,9398$
5253,5257,5250,5251=5250,5251,5253,5257$
8829,8825,8826,8827=8825,8826,8827,8829$
4215,4211,4214,4213=4211,4213,4214,4215$
8070,8078,8076,8075=8070,8075,8076,8078$
6753,6758,6750,6756=6750,6753,6756,6758$
7199,7194,7190,7196=7190,7194,7196,7199$
8227,8228,8229,8226=8226,8227,8228,8229$
7504,7500,7505,7508=7500,7504,7505,7508$
5602,5603,5605,5607=5602,5603,5605,5607$
2955,2957,2953,2950=2950,2953,2955,2957$
2695,2697,2698,2699=2695,2697,2698,2699$
2130,2139,2135,2136=2130,2135,2136,2139$
5155,5151,5156,5153=5151,5153,5155,5156$
8266,8263,8262,8268=8262,8263,8266,8268$
8320,8327,8329,8328=8320,8327,8328,8329$
4781,4783,4780,4787=4780,4781,4783,4787$
3547,3540,3546,3545=3540,3545,3546,3547$
1910,1919,1918,1916=1910,1916,1918,1919$
8179,8175,8171,8170=8170,8171,8175,8179$
3918,3911,3914,3919=3911,3914,3918,3919$
8777,8773,8774,8772=8772,8773,8774,8777$
3081,3083,3080,3089=3080,3081,3083,3089$
4543,4540,4547,4544=4540,4543,4544,4547$
8744,8747,8749,8745=8744,8745,8747,8749$
8104,8103,8107,8109=8103,8104,8107,8109$
1605,1601,1600,1607=1600,1601,1605,1607$
2650,2656,2658,2657=2650,2656,2657,2658$
2394,2392,2397,2399=2392,2394,2397,2399$
7303,7308,7302,7304=7302,7303,7304,7308$
9945,9942,9943,9948=9942,9943,9945,9948$
1117,1114,1116,1119=1114,1116,1117,1119$
2611,2614,2610,2619=2610,2611,2614,2619$
7521,7527,7526,7524=7521,7524,7526,7527$
5311,5313,5315,5319=5311,5313,5315,5319$
6639,6630,6636,6635=6630,6635,6636,6639$
3160,3168,3164,3167=3160,3164,3167,3168$
3781,3788,3785,3783=3781,3783,3785,3788$
3287,3288,3280,3281=3280,3281,3287,3288$
7147,7148,7149,7145=7145,7147,7148,7149$
7826,7827,7823,7820=7820,7823,7826,7827$
7011,7015,7013,7019=7011,7013,7015,7019$
7773,7774,7778,7771=7771,7773,7774,7778$
5760,5769,5761,5765=5760,5761,5765,5769$
4392,4390,4394,4399=4390,4392,4394,4399$
3324,3325,3327,3328=3324,3325,3327,3328$
1650,1656,1654,1652=1650,1652,1654,1656$
2439,2435,2436,2431=2431,2435,2436,2439$
9718,9714,9712,9716=9712,9714,9716,9718$
9628,9622,9623,9624=9622,9623,9624,9628$
8436,8439,8437,8435=8435,8436,8437,8439$
4210,4215,4218,4212=4210,4212,4215,4218$
9826,9822,9821,9825=9821,9822,9825,9826$
9314,9313,9318,9319=9313,9314,9318,9319$
6011,6018,6019,6010=6010,6011,6018,6019$
4393,4391,4390,4399=4390,4391,4393,4399$
7312,7318,7314,7310=7310,7312,7314,7318$
8000,8002,8001,8004=8000,8001,8002,8004$
4748,4740,4743,4741=4740,4741,4743,4748$
5349,5340,5346,5348=5340,5346,5348,5349$
3447,3443,3448,3442=3442,3443,3447,3448$
6999,6995,6993,6998=6993,6995,6998,6999$
5681,5685,5683,5684=5681,5683,5684,5685$
8108,8100,8103,8107=8100,8103,8107,8108$
8031,8035,8033,8032=8031,8032,8033,8035$
7849,7845,7846,7841=7841,7845,7846,7849$
2434,2433,2432,2431=2431,2432,2433,2434$
3276,3278,3277,3272=3272,3276,3277,3278$
8977,8979,8978,8972=8972,8977,8978,8979$
1058,1059,1056,1054=1054,1056,1058,1059$
5046,5049,5047,5045=5045,5046,5047,5049$
6218,6210,6216,6214=6210,6214,6216,6218$
3823,3827,3821,3824=3821,3823,3824,3827$
8561,8562,8563,8568=8561,8562,8563,8568$
4959,4950,4954,4953=4950,4953,4954,4959$
9596,9597,9591,9593=9591,9593,9596,9597$
3659,3652,3654,3655=3652,3654,3655,3659$
4352,4356,4353,4358=4352,4353,4356,4358$
7707,7700,7704,7705=7700,7704,7705,7707$
1034,1030,1037,1039=1030,1034,1037,1039$
9743,9748,9742,9745=9742,9743,9745,9748$
7111,7119,7118,7110=7110,7111,7118,7119$
8270,8274,8276,8273=8270,8273,8274,8276$
8869,8860,8862,8866=8860,8862,8866,8869$
1823,1825,1827,1829=1823,1825,1827,1829$
6733,6734,6738,6736=6733,6734,6736,6738$
5014,5018,5017,5016=5014,5016,5017,5018$
6517,6518,6512,6514=6512,6514,6517,6518$
3051,3052,3057,3055=3051,3052,3055,3057$
9055,9057,9058,9059=9055,9057,9058,9059$
9429,9423,9425,9426=9423,9425,9426,9429$
3355,3353,3356,3358=3353,3355,3356,3358$
4542,4544,4546,4548=4542,4544,4546,4548$
7442,7444,7445,7449=7442,7444,7445,7449$
1791,1797,1790,1796=1790,1791,1796,1797$
1903,1908,1905,1907=1903,1905,1907,1908$
