5148,7428,3876,8164=3876,5148,7428,8164$
9525,5353,1584,6289=1584,5353,6289,9525$
5856,7661,4739,2244=2244,4739,5856,7661$
3930,8603,2255,5134=2255,3930,5134,8603$
3512,8480,7425,4539=3512,4539,7425,8480$
1992,7618,8443,4426=1992,4426,7618,8443$
7861,9464,8705,4107=4107,7861,8705,9464$
5812,3281,4902,6956=3281,4902,5812,6956$
5988,1006,6732,2125=1006,2125,5988,6732$
4010,5238,9858,8537=4010,5238,8537,9858$
7276,2408,6315,8319=2408,6315,7276,8319$
2401,9416,1340,7547=1340,2401,7547,9416$
2871,9807,5611,1921=1921,2871,5611,9807$
6444,3291,9609,5408=3291,5408,6444,9609$
6604,8586,2993,5945=2993,5945,6604,8586$
6634,8656,7631,9715=6634,7631,8656,9715$
4603,5375,1894,6760=1894,4603,5375,6760$
8042,7378,6465,5878=5878,6465,7378,8042$
6890,2040,9800,3656=2040,3656,6890,9800$
9100,2985,3338,6536=2985,3338,6536,9100$
7504,2683,3012,4621=2683,3012,4621,7504$
8454,4394,5893,9007=4394,5893,8454,9007$
6539,5783,3437,4041=3437,4041,5783,6539$
5502,2793,3204,6821=2793,3204,5502,6821$
7057,3528,2059,4353=2059,3528,4353,7057$
9803,8354,1106,3636=1106,3636,8354,9803$
4209,1620,7459,2948=1620,2948,4209,7459$
4726,7952,2320,3452=2320,3452,4726,7952$
9777,8364,6774,3394=3394,6774,8364,9777$
2124,6002,5698,7830=2124,5698,6002,7830$
8608,2940,7953,9505=2940,7953,8608,9505$
3097,5561,7836,2457=2457,3097,5561,7836$
4245,2470,8384,6091=2470,4245,6091,8384$
1816,7415,8232,3276=1816,3276,7415,8232$
9939,2866,8943,4314=2866,4314,8943,9939$
6376,9130,4760,8045=4760,6376,8045,9130$
1266,4700,8382,2752=1266,2752,4700,8382$
2139,6395,8086,3934=2139,3934,6395,8086$
5625,2489,1576,7826=1576,2489,5625,7826$
5081,3403,9237,7901=3403,5081,7901,9237$
7574,8346,6474,4368=4368,6474,7574,8346$
7105,6164,1690,2384=1690,2384,6164,7105$
1951,9332,8893,6295=1951,6295,8893,9332$
9980,2544,1683,7607=1683,2544,7607,9980$
4516,2987,5104,9894=2987,4516,5104,9894$
7299,2352,1020,3868=1020,2352,3868,7299$
4155,5629,1410,8377=1410,4155,5629,8377$
8053,2135,5210,6802=2135,5210,6802,8053$
5962,2713,8861,9022=2713,5962,8861,9022$
8037,9269,5391,3085=3085,5391,8037,9269$
5403,3187,4595,2797=2797,3187,4595,5403$
5556,8255,1378,3986=1378,3986,5556,8255$
6973,4845,1015,8540=1015,4845,6973,8540$
7149,1240,4613,8080=1240,4613,7149,8080$
3638,5223,7368,4784=3638,4784,5223,7368$
2741,6320,5153,9849=2741,5153,6320,9849$
5348,4193,1641,2165=1641,2165,4193,5348$
5677,4171,8783,9130=4171,5677,8783,9130$
2259,8406,4307,1868=1868,2259,4307,8406$
5917,4163,3780,9070=3780,4163,5917,9070$
7747,5546,6832,1117=1117,5546,6832,7747$
7419,2185,4673,1428=1428,2185,4673,7419$
9693,7301,2558,6006=2558,6006,7301,9693$
5854,1607,8417,3127=1607,3127,5854,8417$
9805,4228,6197,3918=3918,4228,6197,9805$
9988,5648,7198,3504=3504,5648,7198,9988$
9968,6610,7147,3815=3815,6610,7147,9968$
5060,1301,8227,3404=1301,3404,5060,8227$
8545,3743,5432,7337=3743,5432,7337,8545$
6001,9903,3281,7627=3281,6001,7627,9903$
1460,7513,4496,2941=1460,2941,4496,7513$
4128,5648,6773,8305=4128,5648,6773,8305$
5857,9626,1477,2829=1477,2829,5857,9626$
5138,2487,4253,6741=2487,4253,5138,6741$
1350,9915,6470,2423=1350,2423,6470,9915$
4788,9985,3276,6454=3276,4788,6454,9985$
4454,3906,9218,2920=2920,3906,4454,9218$
4550,3197,7240,5947=3197,4550,5947,7240$
7201,5017,6466,8736=5017,6466,7201,8736$
2566,1628,3731,5751=1628,2566,3731,5751$
3514,2458,9403,4186=2458,3514,4186,9403$
5795,8661,1954,3118=1954,3118,5795,8661$
8331,7048,2503,3527=2503,3527,7048,8331$
3072,6550,7162,5565=3072,5565,6550,7162$
5922,2203,4738,9290=2203,4738,5922,9290$
2383,7110,6012,5883=2383,5883,6012,7110$
1654,6565,7316,9528=1654,6565,7316,9528$
1327,3478,4700,9796=1327,3478,4700,9796$
9382,1812,5116,7217=1812,5116,7217,9382$
1213,5661,9801,8249=1213,5661,8249,9801$
8231,5484,1528,7139=1528,5484,7139,8231$
5101,6300,4837,9345=4837,5101,6300,9345$
3862,1371,2237,6573=1371,2237,3862,6573$
6120,1634,2824,4199=1634,2824,4199,6120$
3674,1484,4669,5550=1484,3674,4669,5550$
2823,6147,8626,3668=2823,3668,6147,8626$
2156,7488,9723,5772=2156,5772,7488,9723$
7464,6132,4440,5627=4440,5627,6132,7464$
7488,9837,5661,3015=3015,5661,7488,9837$
2539,8451,7416,4565=2539,4565,7416,8451$
1175,4128,6522,9939=1175,4128,6522,9939$
7623,3374,6391,2526=2526,3374,6391,7623$
7228,3158,9235,2676=2676,3158,7228,9235$
3375,7337,4307,1215=1215,3375,4307,7337$
5930,4785,3838,1890=1890,3838,4785,5930$
9602,2894,8441,6517=2894,6517,8441,9602$
5725,8088,3911,6748=3911,5725,6748,8088$
3983,1766,5144,7996=1766,3983,5144,7996$
5346,3877,9776,6548=3877,5346,6548,9776$
9929,6963,5932,8374=5932,6963,8374,9929$
4458,1754,8701,5502=1754,4458,5502,8701$
8376,6580,1930,2804=1930,2804,6580,8376$
8834,5399,6816,4811=4811,5399,6816,8834$
6641,9718,1758,5081=1758,5081,6641,9718$
9029,5098,2262,7322=2262,5098,7322,9029$
7433,8010,2488,6967=2488,6967,7433,8010$
3384,8698,5662,2579=2579,3384,5662,8698$
8798,7248,1627,6243=1627,6243,7248,8798$
8870,6961,7538,5311=5311,6961,7538,8870$
8501,4649,5076,2553=2553,4649,5076,8501$
5891,1684,6346,8614=1684,5891,6346,8614$
5972,1065,3187,6781=1065,3187,5972,6781$
9248,5793,7161,2505=2505,5793,7161,9248$
1129,7853,5299,9691=1129,5299,7853,9691$
5472,4375,9838,6055=4375,5472,6055,9838$
3366,6939,1676,5112=1676,3366,5112,6939$
7977,8601,2316,5441=2316,5441,7977,8601$
2336,5113,7757,8213=2336,5113,7757,8213$
4591,2623,8763,1029=1029,2623,4591,8763$
9739,6536,7368,1957=1957,6536,7368,9739$
9017,6669,4464,2156=2156,4464,6669,9017$
2401,1190,5070,7068=1190,2401,5070,7068$
9120,7493,8813,6920=6920,7493,8813,9120$
2700,9006,7122,4481=2700,4481,7122,9006$
2669,3685,7211,4404=2669,3685,4404,7211$
7951,3696,4111,1761=1761,3696,4111,7951$
4572,7956,1870,9422=1870,4572,7956,9422$
3599,8005,7696,1868=1868,3599,7696,8005$
1074,2155,3412,6068=1074,2155,3412,6068$
5412,2963,1406,6639=1406,2963,5412,6639$
8194,7455,3679,9220=3679,7455,8194,9220$
9001,3132,1254,7014=1254,3132,7014,9001$
1593,3271,4784,2224=1593,2224,3271,4784$
6066,8647,1897,3565=1897,3565,6066,8647$
1702,8356,4518,7455=1702,4518,7455,8356$
4321,2913,7038,1497=1497,2913,4321,7038$
3450,6877,1469,9496=1469,3450,6877,9496$
8090,3287,1668,4929=1668,3287,4929,8090$
2957,8160,6054,3452=2957,3452,6054,8160$
7882,4122,1084,5910=1084,4122,5910,7882$
9506,2920,6047,1343=1343,2920,6047,9506$
7224,6289,9795,5074=5074,6289,7224,9795$
1564,5458,6955,3369=1564,3369,5458,6955$
2710,7129,9144,1666=1666,2710,7129,9144$
6955,5296,3217,4870=3217,4870,5296,6955$
8707,4307,2476,1898=1898,2476,4307,8707$
8528,5272,2644,4901=2644,4901,5272,8528$
8587,4478,7546,5269=4478,5269,7546,8587$
9469,1090,8674,5711=1090,5711,8674,9469$
7976,3802,6991,1157=1157,3802,6991,7976$
2335,9649,6603,1516=1516,2335,6603,9649$
1578,5534,6614,3824=1578,3824,5534,6614$
5756,1022,2074,6597=1022,2074,5756,6597$
8427,4546,1778,7045=1778,4546,7045,8427$
3764,5411,7998,6203=3764,5411,6203,7998$
8367,7818,4595,3090=3090,4595,7818,8367$
8641,1897,9120,7073=1897,7073,8641,9120$
8281,2245,4200,9695=2245,4200,8281,9695$
6264,7250,9462,1092=1092,6264,7250,9462$
4540,5742,2813,6887=2813,4540,5742,6887$
9970,8276,4343,1443=1443,4343,8276,9970$
6658,5427,9483,1213=1213,5427,6658,9483$
5396,4725,8302,7153=4725,5396,7153,8302$
9067,1774,7225,4613=1774,4613,7225,9067$
9118,4029,1054,5139=1054,4029,5139,9118$
4533,6202,7482,5997=4533,5997,6202,7482$
3334,5837,9172,6718=3334,5837,6718,9172$
2542,7543,5100,4023=2542,4023,5100,7543$
3467,2202,7511,5822=2202,3467,5822,7511$
7338,5103,4102,9184=4102,5103,7338,9184$
6979,7775,1697,3236=1697,3236,6979,7775$
2434,3645,8428,9128=2434,3645,8428,9128$
5276,2258,8639,1352=1352,2258,5276,8639$
1683,6937,2733,4327=1683,2733,4327,6937$
7517,6813,1586,8038=1586,6813,7517,8038$
7131,8016,4611,2715=2715,4611,7131,8016$
6799,1254,5822,2565=1254,2565,5822,6799$
2072,8153,6106,1057=1057,2072,6106,8153$
1447,3918,5507,6064=1447,3918,5507,6064$
6060,1064,9937,8364=1064,6060,8364,9937$
5344,7655,9187,8885=5344,7655,8885,9187$
6280,8224,1620,4964=1620,4964,6280,8224$
9226,8404,3907,5330=3907,5330,8404,9226$
5752,1889,4715,8071=1889,4715,5752,8071$
4872,9313,5537,8732=4872,5537,8732,9313$
2778,5460,8559,6033=2778,5460,6033,8559$
9943,5698,2877,6428=2877,5698,6428,9943$
1256,2560,4669,3390=1256,2560,3390,4669$
6173,2951,9705,4467=2951,4467,6173,9705$
8610,1843,7062,9101=1843,7062,8610,9101$
5718,8262,1265,6288=1265,5718,6288,8262$
3432,4788,6220,5090=3432,4788,5090,6220$
2270,3353,9147,7745=2270,3353,7745,9147$
2605,1352,8327,6854=1352,2605,6854,8327$
8784,1674,4906,5963=1674,4906,5963,8784$
7244,3807,5712,6171=3807,5712,6171,7244$
4185,8725,3125,5148=3125,4185,5148,8725$
5658,3453,4558,7089=3453,4558,5658,7089$
9824,7980,3547,6685=3547,6685,7980,9824$
1542,7530,2487,8023=1542,2487,7530,8023$
2501,8811,9729,6986=2501,6986,8811,9729$
3000,6718,1682,2581=1682,2581,3000,6718$
2419,1116,3617,7288=1116,2419,3617,7288$
9996,8491,3943,6691=3943,6691,8491,9996$
6671,5923,9781,4029=4029,5923,6671,9781$
3935,6534,1064,2329=1064,2329,3935,6534$
2128,8105,1004,4380=1004,2128,4380,8105$
8023,9459,4529,5370=4529,5370,8023,9459$
3397,2086,5387,8325=2086,3397,5387,8325$
6634,1623,8048,7204=1623,6634,7204,8048$
5070,7605,8651,6368=5070,6368,7605,8651$
4535,3175,2015,6496=2015,3175,4535,6496$
5984,7880,1949,3750=1949,3750,5984,7880$
9334,6487,3873,5463=3873,5463,6487,9334$
4458,6388,9273,2986=2986,4458,6388,9273$
3790,5877,9628,1658=1658,3790,5877,9628$
4193,6164,3795,8488=3795,4193,6164,8488$
2579,3593,8504,9509=2579,3593,8504,9509$
1109,7530,3321,5929=1109,3321,5929,7530$
1161,2825,5904,7183=1161,2825,5904,7183$
6118,1306,8078,7312=1306,6118,7312,8078$
5707,9668,7285,1918=1918,5707,7285,9668$
8587,6476,3718,1459=1459,3718,6476,8587$
6036,9145,4811,2024=2024,4811,6036,9145$
7673,9229,3122,8148=3122,7673,8148,9229$
7930,1691,2491,3980=1691,2491,3980,7930$
7519,2186,1759,3150=1759,2186,3150,7519$
2650,5101,1996,7612=1996,2650,5101,7612$
6190,7631,1564,3999=1564,3999,6190,7631$
1503,9016,2794,6651=1503,2794,6651,9016$
6514,8027,7900,1497=1497,6514,7900,8027$
3722,6760,7931,4399=3722,4399,6760,7931$
7496,5125,1945,3218=1945,3218,5125,7496$
8015,1220,2258,5190=1220,2258,5190,8015$
2398,3223,7309,9450=2398,3223,7309,9450$
9856,6429,8677,3810=3810,6429,8677,9856$
1141,7329,5205,8037=1141,5205,7329,8037$
6982,2040,3985,8065=2040,3985,6982,8065$
1197,3331,4467,2969=1197,2969,3331,4467$
3331,9483,1882,6772=1882,3331,6772,9483$
8603,3104,1246,7460=1246,3104,7460,8603$
7894,1713,4726,3557=1713,3557,4726,7894$
5518,3607,4861,9530=3607,4861,5518,9530$
1413,3530,5226,4252=1413,3530,4252,5226$
8219,7653,2266,9367=2266,7653,8219,9367$
5056,3969,6477,8573=3969,5056,6477,8573$
2130,3077,7787,8829=2130,3077,7787,8829$
9943,8618,6511,4418=4418,6511,8618,9943$
8751,5252,3872,9538=3872,5252,8751,9538$
9802,4030,8375,3832=3832,4030,8375,9802$
6290,5830,8861,2990=2990,5830,6290,8861$
2666,9807,3140,5242=2666,3140,5242,9807$
6260,8461,9893,5744=5744,6260,8461,9893$
4979,7586,1888,2201=1888,2201,4979,7586$
5718,6673,8473,1402=1402,5718,6673,8473$
3523,1850,2130,9894=1850,2130,3523,9894$
7865,4199,6733,1900=1900,4199,6733,7865$
5615,2898,1423,4638=1423,2898,4638,5615$
4959,7158,8678,3584=3584,4959,7158,8678$
5843,3381,2473,7089=2473,3381,5843,7089$
5559,1670,4561,7264=1670,4561,5559,7264$
9675,3938,4455,7544=3938,4455,7544,9675$
3714,4920,2276,5068=2276,3714,4920,5068$
9058,4053,8724,6184=4053,6184,8724,9058$
2171,5728,3691,6360=2171,3691,5728,6360$
5886,3791,9197,4493=3791,4493,5886,9197$
8816,6982,7610,4585=4585,6982,7610,8816$
4904,9894,5437,8441=4904,5437,8441,9894$
3324,4820,5860,1828=1828,3324,4820,5860$
3889,9060,8658,1974=1974,3889,8658,9060$
3526,9685,5966,1595=1595,3526,5966,9685$
8592,2251,3392,1432=1432,2251,3392,8592$
1430,7666,6437,2908=1430,2908,6437,7666$
4234,5777,9852,6375=4234,5777,6375,9852$
9399,5736,7545,2103=2103,5736,7545,9399$
7920,3260,5026,8784=3260,5026,7920,8784$
8128,6367,7729,3682=3682,6367,7729,8128$
5119,2652,9313,6664=2652,5119,6664,9313$
2541,9901,8991,1954=1954,2541,8991,9901$
8361,6728,3467,5425=3467,5425,6728,8361$
5850,1453,6174,4835=1453,4835,5850,6174$
6009,8822,5358,3700=3700,5358,6009,8822$
8443,3924,2895,7120=2895,3924,7120,8443$
2035,8326,6935,9140=2035,6935,8326,9140$
8099,4884,2441,1422=1422,2441,4884,8099$
1362,9351,5440,4221=1362,4221,5440,9351$
9129,5590,6310,2022=2022,5590,6310,9129$
6075,7359,4234,2760=2760,4234,6075,7359$
8262,4214,2692,5424=2692,4214,5424,8262$
4126,6693,3552,9303=3552,4126,6693,9303$
6685,3824,9288,7483=3824,6685,7483,9288$
9205,7209,2350,4168=2350,4168,7209,9205$
9604,5486,1043,6730=1043,5486,6730,9604$
2463,9073,8316,4392=2463,4392,8316,9073$
7574,1599,2472,8136=1599,2472,7574,8136$
9526,7005,2167,1637=1637,2167,7005,9526$
6436,8034,5805,4142=4142,5805,6436,8034$
6884,4376,1041,9289=1041,4376,6884,9289$
4955,5727,8752,7522=4955,5727,7522,8752$
4014,3811,8472,7805=3811,4014,7805,8472$
7532,4588,3546,6583=3546,4588,6583,7532$
7227,4599,5747,8980=4599,5747,7227,8980$
7190,9384,3305,8874=3305,7190,8874,9384$
9772,6183,5293,1952=1952,5293,6183,9772$
4836,1825,8539,9596=1825,4836,8539,9596$
5874,3072,2464,8776=2464,3072,5874,8776$
8714,3461,7813,2311=2311,3461,7813,8714$
6326,5802,4624,9329=4624,5802,6326,9329$
3612,1405,6446,9903=1405,3612,6446,9903$
2441,4464,7092,1046=1046,2441,4464,7092$
5898,7086,8964,2782=2782,5898,7086,8964$
4068,1201,2836,6210=1201,2836,4068,6210$
1752,3178,6122,2844=1752,2844,3178,6122$
2796,1995,9401,4795=1995,2796,4795,9401$
8310,3509,5726,9192=3509,5726,8310,9192$
8090,2560,5190,9916=2560,5190,8090,9916$
2013,6159,4724,1899=1899,2013,4724,6159$
1222,8396,2003,5496=1222,2003,5496,8396$
5135,4712,1216,8828=1216,4712,5135,8828$
7366,9751,5456,3969=3969,5456,7366,9751$
9147,2850,8209,1296=1296,2850,8209,9147$
6674,3655,1312,9666=1312,3655,6674,9666$
2283,6813,8984,1164=1164,2283,6813,8984$
5372,3600,6421,4406=3600,4406,5372,6421$
7954,6921,1582,8792=1582,6921,7954,8792$
5212,7143,9214,3160=3160,5212,7143,9214$
2102,4972,1559,5599=1559,2102,4972,5599$
5332,9867,4328,6114=4328,5332,6114,9867$
2057,6163,7380,5427=2057,5427,6163,7380$
2060,4385,1104,7689=1104,2060,4385,7689$
8808,2411,9560,5707=2411,5707,8808,9560$
4836,5357,6590,7268=4836,5357,6590,7268$
4032,8182,7454,6357=4032,6357,7454,8182$
2079,9589,1442,5324=1442,2079,5324,9589$
7095,2939,6253,5334=2939,5334,6253,7095$
9177,2006,8753,4543=2006,4543,8753,9177$
6268,1667,8398,3644=1667,3644,6268,8398$
2391,9407,3019,7719=2391,3019,7719,9407$
6832,5224,3007,4504=3007,4504,5224,6832$
2970,9747,4709,3451=2970,3451,4709,9747$
9857,7973,1565,5512=1565,5512,7973,9857$
6271,3542,4249,7886=3542,4249,6271,7886$
4833,5981,7866,2230=2230,4833,5981,7866$
9812,6052,3157,2620=2620,3157,6052,9812$
6407,9099,5247,7059=5247,6407,7059,9099$
5811,3022,4718,2714=2714,3022,4718,5811$
8769,7423,6066,4609=4609,6066,7423,8769$
2713,6820,5411,9796=2713,5411,6820,9796$
9338,4271,2662,1147=1147,2662,4271,9338$
6757,3289,7889,1682=1682,3289,6757,7889$
2602,5735,9800,8974=2602,5735,8974,9800$
4760,1666,9515,2511=1666,2511,4760,9515$
4517,3810,6937,8854=3810,4517,6937,8854$
8988,7974,4977,5428=4977,5428,7974,8988$
5136,9423,4649,2745=2745,4649,5136,9423$
3341,4479,5544,6517=3341,4479,5544,6517$
3577,4363,8770,6134=3577,4363,6134,8770$
8443,9987,3345,1362=1362,3345,8443,9987$
2955,6697,8811,1156=1156,2955,6697,8811$
5534,6236,4656,3069=3069,4656,5534,6236$
3037,4058,5804,9409=3037,4058,5804,9409$
5102,7806,4088,9645=4088,5102,7806,9645$
1234,6458,9369,8055=1234,6458,8055,9369$
8299,2771,5474,9480=2771,5474,8299,9480$
6432,1054,5756,8663=1054,5756,6432,8663$
1459,2304,8586,6599=1459,2304,6599,8586$
8956,1213,9800,4307=1213,4307,8956,9800$
6536,2573,9726,5757=2573,5757,6536,9726$
8803,7819,4303,5702=4303,5702,7819,8803$
5276,3664,1375,8576=1375,3664,5276,8576$
4318,1069,6039,2711=1069,2711,4318,6039$
7360,1309,6164,8814=1309,6164,7360,8814$
3553,2421,9930,5992=2421,3553,5992,9930$
8755,2452,9171,5617=2452,5617,8755,9171$
7922,4480,9323,8211=4480,7922,8211,9323$
6440,4768,2580,5817=2580,4768,5817,6440$
5264,3981,2410,4446=2410,3981,4446,5264$
9987,5398,1368,3149=1368,3149,5398,9987$
6315,4470,2792,9250=2792,4470,6315,9250$
7536,8663,3228,4103=3228,4103,7536,8663$
7987,1229,8068,3396=1229,3396,7987,8068$
9353,7342,8485,3536=3536,7342,8485,9353$
5583,7336,1412,9784=1412,5583,7336,9784$
2712,6351,9051,8976=2712,6351,8976,9051$
1709,6121,5339,7613=1709,5339,6121,7613$
6165,3123,9297,4085=3123,4085,6165,9297$
3202,7496,6198,9313=3202,6198,7496,9313$
4133,8639,1718,5556=1718,4133,5556,8639$
7245,8701,9583,4691=4691,7245,8701,9583$
7852,5692,3988,1367=1367,3988,5692,7852$
7059,5485,3976,9737=3976,5485,7059,9737$
6342,2252,4183,8494=2252,4183,6342,8494$
7337,9415,8081,5956=5956,7337,8081,9415$
1464,7713,5648,9251=1464,5648,7713,9251$
7777,2560,9636,5920=2560,5920,7777,9636$
2186,5764,3280,9797=2186,3280,5764,9797$
6606,7846,4225,5862=4225,5862,6606,7846$
3444,9038,1983,6636=1983,3444,6636,9038$
9906,1225,7598,8493=1225,7598,8493,9906$
7881,3872,2967,6146=2967,3872,6146,7881$
2990,9857,6683,3329=2990,3329,6683,9857$
6673,7735,2824,4433=2824,4433,6673,7735$
7071,6211,2995,5346=2995,5346,6211,7071$
6027,2733,5792,9289=2733,5792,6027,9289$
4092,1780,3331,2331=1780,2331,3331,4092$
5994,2223,3694,6807=2223,3694,5994,6807$
9900,7905,6963,4825=4825,6963,7905,9900$
7993,4684,5747,3619=3619,4684,5747,7993$
6922,9303,8575,7687=6922,7687,8575,9303$
3578,7977,8010,9247=3578,7977,8010,9247$
4375,3542,5528,7169=3542,4375,5528,7169$
2646,5189,6818,4358=2646,4358,5189,6818$
4406,9195,8512,2873=2873,4406,8512,9195$
9994,7247,4864,8637=4864,7247,8637,9994$
7081,8757,4611,5524=4611,5524,7081,8757$
6555,8063,3032,1933=1933,3032,6555,8063$
3156,2892,9551,4334=2892,3156,4334,9551$
8123,6012,9072,5738=5738,6012,8123,9072$
7690,8653,6916,5399=5399,6916,7690,8653$
2611,3771,6138,1615=1615,2611,3771,6138$
3645,4982,5663,9673=3645,4982,5663,9673$
3185,1628,5637,4245=1628,3185,4245,5637$
9911,5400,8320,1837=1837,5400,8320,9911$
7681,4243,9591,8438=4243,7681,8438,9591$
3786,7589,5844,4087=3786,4087,5844,7589$
2910,9988,1084,5262=1084,2910,5262,9988$
9071,8223,4280,1791=1791,4280,8223,9071$
5902,9362,6833,4263=4263,5902,6833,9362$
8162,2090,6952,7106=2090,6952,7106,8162$
9244,6333,7280,3545=3545,6333,7280,9244$
3805,5932,6748,8790=3805,5932,6748,8790$
9609,6365,3075,1346=1346,3075,6365,9609$
5089,7373,9961,2333=2333,5089,7373,9961$
6822,7744,2186,3960=2186,3960,6822,7744$
4792,1634,6321,7074=1634,4792,6321,7074$
8606,1420,9959,3206=1420,3206,8606,9959$
7600,3361,1090,5209=1090,3361,5209,7600$
3683,7087,4495,8607=3683,4495,7087,8607$
6587,2926,9972,5848=2926,5848,6587,9972$
1677,5636,7635,6237=1677,5636,6237,7635$
7669,8476,6644,9384=6644,7669,8476,9384$
5576,1883,4212,9535=1883,4212,5576,9535$
3685,5283,4257,2879=2879,3685,4257,5283$
8994,2980,7925,3653=2980,3653,7925,8994$
5548,7937,2411,9783=2411,5548,7937,9783$
9620,2334,5763,7580=2334,5763,7580,9620$
9072,3466,4011,7764=3466,4011,7764,9072$
5839,3813,7019,9407=3813,5839,7019,9407$
8621,5617,1352,2063=1352,2063,5617,8621$
2747,3032,7340,9723=2747,3032,7340,9723$
9078,1353,8863,6506=1353,6506,8863,9078$
6919,5807,7783,4963=4963,5807,6919,7783$
8759,7028,2582,5545=2582,5545,7028,8759$
1378,7145,9512,4473=1378,4473,7145,9512$
9110,2669,1982,6297=1982,2669,6297,9110$
2998,5007,4498,9743=2998,4498,5007,9743$
9627,6289,8612,5388=5388,6289,8612,9627$
3047,4345,1371,5391=1371,3047,4345,5391$
3705,2903,6120,5360=2903,3705,5360,6120$
5391,9363,2197,6964=2197,5391,6964,9363$
5763,8892,2084,3813=2084,3813,5763,8892$
5313,9949,8221,1310=1310,5313,8221,9949$
9326,6361,1848,8295=1848,6361,8295,9326$
7495,8239,1453,9823=1453,7495,8239,9823$
8003,4449,5504,2426=2426,4449,5504,8003$
8213,2386,7665,6742=2386,6742,7665,8213$
9578,8655,5530,2290=2290,5530,8655,9578$
9536,8777,7465,3089=3089,7465,8777,9536$
8887,9181,1061,7733=1061,7733,8887,9181$
5888,3962,8223,6592=3962,5888,6592,8223$
4589,8987,9337,1500=1500,4589,8987,9337$
9012,8917,1575,3107=1575,3107,8917,9012$
6649,1846,7406,8967=1846,6649,7406,8967$
2705,5621,3855,6030=2705,3855,5621,6030$
6440,9880,4797,2852=2852,4797,6440,9880$
3322,1543,9549,4334=1543,3322,4334,9549$
1074,9213,4727,8546=1074,4727,8546,9213$
2338,6575,8103,1760=1760,2338,6575,8103$
4609,3674,7527,1614=1614,3674,4609,7527$
7691,8621,3673,9643=3673,7691,8621,9643$
4088,8803,5732,1386=1386,4088,5732,8803$
8263,5672,2486,1938=1938,2486,5672,8263$
3460,5866,6407,7650=3460,5866,6407,7650$
2198,6042,4459,8585=2198,4459,6042,8585$
1431,2371,4958,3950=1431,2371,3950,4958$
6057,5203,7422,3934=3934,5203,6057,7422$
8190,6112,4105,3550=3550,4105,6112,8190$
8379,9994,5821,3221=3221,5821,8379,9994$
3305,7908,5212,4352=3305,4352,5212,7908$
5862,3560,2643,8493=2643,3560,5862,8493$
1906,3179,2819,4446=1906,2819,3179,4446$
7915,8234,9231,3993=3993,7915,8234,9231$
1272,8793,6364,5043=1272,5043,6364,8793$
5404,7541,4511,9359=4511,5404,7541,9359$
7488,4960,3262,5071=3262,4960,5071,7488$
4476,9611,5220,6566=4476,5220,6566,9611$
8839,2833,5409,6495=2833,5409,6495,8839$
5182,8191,6962,4668=4668,5182,6962,8191$
5887,8245,7339,1938=1938,5887,7339,8245$
4143,8608,2960,7027=2960,4143,7027,8608$
6235,1816,3804,8935=1816,3804,6235,8935$
6874,2130,8342,9530=2130,6874,8342,9530$
1673,6774,9785,4827=1673,4827,6774,9785$
5940,2102,4241,8571=2102,4241,5940,8571$
6703,7215,2439,4129=2439,4129,6703,7215$
7161,2951,1894,3067=1894,2951,3067,7161$
7742,3529,6163,1712=1712,3529,6163,7742$
1634,2915,3151,9251=1634,2915,3151,9251$
1251,7714,3240,6824=1251,3240,6824,7714$
8065,3607,4002,2019=2019,3607,4002,8065$
1198,5246,4759,8506=1198,4759,5246,8506$
8305,9116,6835,5179=5179,6835,8305,9116$
9762,5001,4001,7881=4001,5001,7881,9762$
1188,5244,6285,9410=1188,5244,6285,9410$
7122,2151,1647,4732=1647,2151,4732,7122$
9936,3000,2892,1659=1659,2892,3000,9936$
8008,5663,2171,7376=2171,5663,7376,8008$
1729,9935,5522,7756=1729,5522,7756,9935$
6060,7529,3214,9473=3214,6060,7529,9473$
9672,7547,3594,8947=3594,7547,8947,9672$
9506,5948,2881,3419=2881,3419,5948,9506$
2548,6961,4735,9061=2548,4735,6961,9061$
5515,2937,4941,3595=2937,3595,4941,5515$
1368,7321,9517,4560=1368,4560,7321,9517$
4876,5521,9137,6726=4876,5521,6726,9137$
7814,2285,5781,8440=2285,5781,7814,8440$
8801,6374,7112,1119=1119,6374,7112,8801$
5632,6741,2631,9231=2631,5632,6741,9231$
2126,1621,3487,5283=1621,2126,3487,5283$
5849,9399,4092,6713=4092,5849,6713,9399$
6713,9364,1894,7315=1894,6713,7315,9364$
6103,9760,2556,1728=1728,2556,6103,9760$
8360,2459,7356,9709=2459,7356,8360,9709$
7254,9195,1071,6565=1071,6565,7254,9195$
5496,9828,2638,6541=2638,5496,6541,9828$
6351,9865,5026,3460=3460,5026,6351,9865$
5282,4934,7613,3923=3923,4934,5282,7613$
9631,7467,2977,6298=2977,6298,7467,9631$
3001,2311,4350,8862=2311,3001,4350,8862$
5770,8392,4869,9517=4869,5770,8392,9517$
7749,5406,8347,9428=5406,7749,8347,9428$
2411,3066,9014,1105=1105,2411,3066,9014$
1046,9832,2666,6486=1046,2666,6486,9832$
2763,8730,1711,3416=1711,2763,3416,8730$
9750,3390,6710,7678=3390,6710,7678,9750$
7255,5988,8085,6659=5988,6659,7255,8085$
1526,7973,4744,6203=1526,4744,6203,7973$
8701,6147,7982,1137=1137,6147,7982,8701$
5743,3314,2884,9160=2884,3314,5743,9160$
2810,1864,9386,6795=1864,2810,6795,9386$
9912,7155,5268,3755=3755,5268,7155,9912$
8114,4856,7110,9334=4856,7110,8114,9334$
2085,5526,9300,6877=2085,5526,6877,9300$
5730,9154,2909,4782=2909,4782,5730,9154$
6227,5994,7698,8990=5994,6227,7698,8990$
1940,6431,7858,4453=1940,4453,6431,7858$
7962,4047,2331,9077=2331,4047,7962,9077$
2785,3982,1027,8105=1027,2785,3982,8105$
1306,4872,5391,9073=1306,4872,5391,9073$
5248,4144,3580,6778=3580,4144,5248,6778$
3908,8276,7930,6742=3908,6742,7930,8276$
1511,6210,4237,8082=1511,4237,6210,8082$
6504,9364,5914,3666=3666,5914,6504,9364$
5684,1831,6901,3749=1831,3749,5684,6901$
3407,2947,5855,6528=2947,3407,5855,6528$
2236,8539,1203,4256=1203,2236,4256,8539$
7647,8332,2931,4408=2931,4408,7647,8332$
6887,5531,2507,1442=1442,2507,5531,6887$
5046,6209,7193,4860=4860,5046,6209,7193$
6678,2402,4154,8782=2402,4154,6678,8782$
7398,4583,2367,3912=2367,3912,4583,7398$
5939,7514,3030,1332=1332,3030,5939,7514$
1093,2459,7422,6521=1093,2459,6521,7422$
5919,3970,1938,6805=1938,3970,5919,6805$
6706,1081,3230,7114=1081,3230,6706,7114$
7585,6839,2140,9669=2140,6839,7585,9669$
5558,4164,3590,9094=3590,4164,5558,9094$
6395,2133,1436,9861=1436,2133,6395,9861$
7748,2999,3745,9904=2999,3745,7748,9904$
9374,7935,2655,5438=2655,5438,7935,9374$
7606,2214,6820,8323=2214,6820,7606,8323$
6753,2203,5931,7176=2203,5931,6753,7176$
2218,8160,6327,9654=2218,6327,8160,9654$
4007,8247,6113,9942=4007,6113,8247,9942$
4039,9512,5026,3725=3725,4039,5026,9512$
6264,3807,4088,8442=3807,4088,6264,8442$
8016,7819,1657,6457=1657,6457,7819,8016$
1906,9003,2099,4394=1906,2099,4394,9003$
5886,8224,6153,4399=4399,5886,6153,8224$
2936,4605,9589,5124=2936,4605,5124,9589$
1848,4132,8980,3890=1848,3890,4132,8980$
3673,1519,5007,4181=1519,3673,4181,5007$
2799,5398,3501,6716=2799,3501,5398,6716$
5965,7775,6165,9956=5965,6165,7775,9956$
4028,7010,6594,3292=3292,4028,6594,7010$
6019,1003,8218,2453=1003,2453,6019,8218$
5649,1864,9336,7629=1864,5649,7629,9336$
4766,6043,3633,8219=3633,4766,6043,8219$
1780,3298,9978,4459=1780,3298,4459,9978$
5255,4296,6379,1514=1514,4296,5255,6379$
1666,8760,3096,5373=1666,3096,5373,8760$
8211,7244,1860,4727=1860,4727,7244,8211$
5986,4970,2757,7764=2757,4970,5986,7764$
2598,6265,7037,5794=2598,5794,6265,7037$
5769,6452,8521,3512=3512,5769,6452,8521$
2235,7087,6666,8085=2235,6666,7087,8085$
6593,9493,7639,5199=5199,6593,7639,9493$
5979,6656,8110,7857=5979,6656,7857,8110$
3400,5400,2445,4625=2445,3400,4625,5400$
6632,7035,1052,2302=1052,2302,6632,7035$
5725,8464,1446,3167=1446,3167,5725,8464$
4731,7406,3119,1213=1213,3119,4731,7406$
6054,3353,2700,7751=2700,3353,6054,7751$
7904,3336,5402,6293=3336,5402,6293,7904$
4987,1984,8507,7304=1984,4987,7304,8507$
3194,5880,8225,1889=1889,3194,5880,8225$
7510,4178,5064,8228=4178,5064,7510,8228$
6123,8270,5335,2368=2368,5335,6123,8270$
9845,1549,4894,6317=1549,4894,6317,9845$
2158,3927,7962,9956=2158,3927,7962,9956$
4413,2482,7952,5704=2482,4413,5704,7952$
7940,9513,4866,3708=3708,4866,7940,9513$
2226,1530,9651,5693=1530,2226,5693,9651$
1364,5539,6491,7958=1364,5539,6491,7958$
1317,7594,4026,2285=1317,2285,4026,7594$
1897,2293,9003,7580=1897,2293,7580,9003$
3643,2688,4042,9840=2688,3643,4042,9840$
9727,5551,3644,7451=3644,5551,7451,9727$
7963,5833,8019,6165=5833,6165,7963,8019$
8008,7393,4769,9260=4769,7393,8008,9260$
3981,5487,4951,6959=3981,4951,5487,6959$
2274,9185,8914,3426=2274,3426,8914,9185$
4630,8027,7082,2772=2772,4630,7082,8027$
4741,1545,2637,8987=1545,2637,4741,8987$
9018,7903,6096,8460=6096,7903,8460,9018$
9342,4684,3562,6343=3562,4684,6343,9342$
7258,9927,3746,1233=1233,3746,7258,9927$
3327,8352,5903,2064=2064,3327,5903,8352$
8985,3567,6438,9180=3567,6438,8985,9180$
9153,3302,5180,6905=3302,5180,6905,9153$
3288,8215,2574,5770=2574,3288,5770,8215$
6520,1307,4730,7264=1307,4730,6520,7264$
4688,3380,8080,5252=3380,4688,5252,8080$
4013,8833,6185,3174=3174,4013,6185,8833$
3701,9776,4226,1824=1824,3701,4226,9776$
9954,4116,3779,2386=2386,3779,4116,9954$
9631,5209,4049,7026=4049,5209,7026,9631$
5020,6302,9987,2444=2444,5020,6302,9987$
1987,9007,5901,3939=1987,3939,5901,9007$
7377,2472,5615,6822=2472,5615,6822,7377$
2567,6331,4417,8042=2567,4417,6331,8042$
4660,9482,6440,8086=4660,6440,8086,9482$
7002,4882,2613,3428=2613,3428,4882,7002$
1092,6575,3495,4976=1092,3495,4976,6575$
6881,1950,9415,8525=1950,6881,8525,9415$
8136,4780,2327,7536=2327,4780,7536,8136$
2565,8679,7283,6826=2565,6826,7283,8679$
2707,7785,5393,1900=1900,2707,5393,7785$
6410,3061,4984,7305=3061,4984,6410,7305$
3943,2859,8011,6158=2859,3943,6158,8011$
8893,3220,5735,2853=2853,3220,5735,8893$
3996,6693,4680,5634=3996,4680,5634,6693$
2821,9499,1883,6337=1883,2821,6337,9499$
2471,8867,9605,1616=1616,2471,8867,9605$
7419,4891,1925,6925=1925,4891,6925,7419$
4780,9016,6466,3852=3852,4780,6466,9016$
1521,9051,6103,3074=1521,3074,6103,9051$
5151,8439,4164,6858=4164,5151,6858,8439$
6709,1815,4938,5899=1815,4938,5899,6709$
8249,2416,4817,7944=2416,4817,7944,8249$
4433,6701,5498,2120=2120,4433,5498,6701$
6603,3446,9956,2095=2095,3446,6603,9956$
1761,5906,7867,2339=1761,2339,5906,7867$
9431,4001,1445,8258=1445,4001,8258,9431$
3789,8942,5344,9352=3789,5344,8942,9352$
2674,1093,3112,6360=1093,2674,3112,6360$
6604,1475,7153,2213=1475,2213,6604,7153$
7791,9224,6856,3893=3893,6856,7791,9224$
2588,3324,8449,4465=2588,3324,4465,8449$
5678,9385,1692,7118=1692,5678,7118,9385$
8784,9120,4578,5685=4578,5685,8784,9120$
1842,8922,2449,9861=1842,2449,8922,9861$
2067,5792,4890,9008=2067,4890,5792,9008$
6203,3148,7568,1765=1765,3148,6203,7568$
4925,6498,8507,9992=4925,6498,8507,9992$
1927,5126,2785,9487=1927,2785,5126,9487$
6164,4342,1331,9103=1331,4342,6164,9103$
9329,3485,6488,7908=3485,6488,7908,9329$
5768,8227,7593,4961=4961,5768,7593,8227$
5091,4865,6455,8408=4865,5091,6455,8408$
7754,8747,6411,4897=4897,6411,7754,8747$
2441,9341,5287,1013=1013,2441,5287,9341$
8593,1659,4550,2157=1659,2157,4550,8593$
8143,1903,7465,3992=1903,3992,7465,8143$
2390,4700,6157,9727=2390,4700,6157,9727$
3023,1261,2080,9390=1261,2080,3023,9390$
5586,6681,9842,7132=5586,6681,7132,9842$
1066,5674,7724,9910=1066,5674,7724,9910$
4228,9245,1818,2564=1818,2564,4228,9245$
2091,5009,3801,7454=2091,3801,5009,7454$
6911,1671,9655,2585=1671,2585,6911,9655$
6686,2655,9590,7628=2655,6686,7628,9590$
2701,3065,9156,6030=2701,3065,6030,9156$
7515,4212,6721,2445=2445,4212,6721,7515$
9721,3413,6902,8398=3413,6902,8398,9721$
5109,8846,6786,1457=1457,5109,6786,8846$
7917,8191,3033,9988=3033,7917,8191,9988$
5093,7920,6912,4758=4758,5093,6912,7920$
8910,3669,9385,4525=3669,4525,8910,9385$
3245,6558,2552,8456=2552,3245,6558,8456$
6273,7100,3679,9622=3679,6273,7100,9622$
3172,7315,6219,4995=3172,4995,6219,7315$
9839,7219,2622,5698=2622,5698,7219,9839$
8060,6263,5724,4838=4838,5724,6263,8060$
1194,8323,6854,7103=1194,6854,7103,8323$
4623,2194,7981,6780=2194,4623,6780,7981$
4869,3464,5924,6421=3464,4869,5924,6421$
6744,5692,3453,9954=3453,5692,6744,9954$
8230,2495,5089,6059=2495,5089,6059,8230$
4098,3220,9849,6563=3220,4098,6563,9849$
3657,9633,7157,6838=3657,6838,7157,9633$
5113,1785,7526,8600=1785,5113,7526,8600$
4241,8563,3716,6366=3716,4241,6366,8563$
8130,7535,1089,6183=1089,6183,7535,8130$
1357,8909,9082,2745=1357,2745,8909,9082$
1935,2806,4162,8053=1935,2806,4162,8053$
9217,5670,8593,7664=5670,7664,8593,9217$
7769,8430,6765,1716=1716,6765,7769,8430$
8376,3914,4968,2537=2537,3914,4968,8376$
5117,2060,9922,4069=2060,4069,5117,9922$
2771,7235,5253,8009=2771,5253,7235,8009$
7701,2717,9408,6280=2717,6280,7701,9408$
8370,4926,7106,1556=1556,4926,7106,8370$
3844,1479,9516,5784=1479,3844,5784,9516$
6877,4606,5325,2175=2175,4606,5325,6877$
4342,2442,9619,3456=2442,3456,4342,9619$
7122,2783,3643,8605=2783,3643,7122,8605$
8389,3965,6197,1790=1790,3965,6197,8389$
5431,4045,7922,2822=2822,4045,5431,7922$
2316,4500,7939,6184=2316,4500,6184,7939$
5755,6859,2839,4264=2839,4264,5755,6859$
5676,3937,4783,9152=3937,4783,5676,9152$
4642,5313,1899,2900=1899,2900,4642,5313$
6547,7808,2046,3707=2046,3707,6547,7808$
3980,2317,5661,1114=1114,2317,3980,5661$
2502,5758,4769,1624=1624,2502,4769,5758$
4787,8862,7441,5864=4787,5864,7441,8862$
2430,3320,1023,7266=1023,2430,3320,7266$
3133,8664,1918,4530=1918,3133,4530,8664$
8730,6151,3788,7027=3788,6151,7027,8730$
4585,6760,3482,9933=3482,4585,6760,9933$
9050,5193,4249,6207=4249,5193,6207,9050$
1281,9630,8165,7739=1281,7739,8165,9630$
1633,7961,3283,6635=1633,3283,6635,7961$
3511,2820,4361,5372=2820,3511,4361,5372$
5819,9647,7783,4329=4329,5819,7783,9647$
6646,7376,1730,5051=1730,5051,6646,7376$
1128,4250,2801,8877=1128,2801,4250,8877$
3565,9435,4176,7316=3565,4176,7316,9435$
5105,2937,6985,8207=2937,5105,6985,8207$
5279,7317,4468,8147=4468,5279,7317,8147$
5496,6905,2020,4923=2020,4923,5496,6905$
2850,1815,9739,8805=1815,2850,8805,9739$
6833,3268,1025,2786=1025,2786,3268,6833$
1929,2272,6302,3273=1929,2272,3273,6302$
1270,7784,9464,6599=1270,6599,7784,9464$
6056,4329,9980,7026=4329,6056,7026,9980$
7996,4488,5756,6528=4488,5756,6528,7996$
4998,6051,5851,7375=4998,5851,6051,7375$
5638,9293,7536,3633=3633,5638,7536,9293$
5298,2495,1071,4285=1071,2495,4285,5298$
5804,9682,6613,1947=1947,5804,6613,9682$
6530,5863,1320,8870=1320,5863,6530,8870$
3580,8002,4268,1940=1940,3580,4268,8002$
9884,4427,8559,3987=3987,4427,8559,9884$
1421,7104,2889,6114=1421,2889,6114,7104$
9141,6396,2982,7902=2982,6396,7902,9141$
3792,8517,1358,4984=1358,3792,4984,8517$
9584,6650,3040,8870=3040,6650,8870,9584$
1516,4469,2691,9356=1516,2691,4469,9356$
8079,1946,3683,4571=1946,3683,4571,8079$
7553,5669,6222,4207=4207,5669,6222,7553$
9163,3406,5241,1283=1283,3406,5241,9163$
9981,2488,7364,1556=1556,2488,7364,9981$
4353,2291,9361,7978=2291,4353,7978,9361$
7438,2231,3349,1306=1306,2231,3349,7438$
8873,2952,5235,7115=2952,5235,7115,8873$
8802,1694,6370,3131=1694,3131,6370,8802$
1617,7079,6474,5339=1617,5339,6474,7079$
4320,2886,6495,8481=2886,4320,6495,8481$
2181,9651,1572,3859=1572,2181,3859,9651$
5501,7110,4725,6892=4725,5501,6892,7110$
7319,3644,4277,6818=3644,4277,6818,7319$
2768,8632,6578,1917=1917,2768,6578,8632$
2999,8291,9097,5697=2999,5697,8291,9097$
6444,8312,1556,9884=1556,6444,8312,9884$
2096,8731,1262,9303=1262,2096,8731,9303$
7204,1889,6025,9161=1889,6025,7204,9161$
2954,1213,6819,9893=1213,2954,6819,9893$
6444,1859,8511,2014=1859,2014,6444,8511$
9382,2951,8961,6951=2951,6951,8961,9382$
5973,4984,6217,1767=1767,4984,5973,6217$
4113,1296,3382,8244=1296,3382,4113,8244$
1358,8013,2186,4327=1358,2186,4327,8013$
8090,5944,9969,3294=3294,5944,8090,9969$
7845,3432,9187,1339=1339,3432,7845,9187$
4086,2777,7451,5789=2777,4086,5789,7451$
6082,3761,7964,8088=3761,6082,7964,8088$
8871,5124,1203,9263=1203,5124,8871,9263$
3232,1380,6297,8052=1380,3232,6297,8052$
1012,4749,2249,5354=1012,2249,4749,5354$
4203,9434,2702,3020=2702,3020,4203,9434$
7516,5080,4986,2880=2880,4986,5080,7516$
3075,4635,8857,2467=2467,3075,4635,8857$
4690,2979,9496,3544=2979,3544,4690,9496$
8789,4098,1470,3696=1470,3696,4098,8789$
7178,6319,1822,5951=1822,5951,6319,7178$
3093,6816,4666,8175=3093,4666,6816,8175$
5850,1153,3569,7740=1153,3569,5850,7740$
6830,1542,3522,4706=1542,3522,4706,6830$
9201,1171,7412,3179=1171,3179,7412,9201$
4879,5675,1479,6994=1479,4879,5675,6994$
1579,9834,4930,3667=1579,3667,4930,9834$
4959,9217,3071,7151=3071,4959,7151,9217$
2812,3695,9531,4483=2812,3695,4483,9531$
1904,3981,9205,7645=1904,3981,7645,9205$
9893,6228,1676,8744=1676,6228,8744,9893$
1150,5559,4666,2645=1150,2645,4666,5559$
8148,7700,4964,6806=4964,6806,7700,8148$
1981,7711,9581,6446=1981,6446,7711,9581$
3351,5899,2785,1484=1484,2785,3351,5899$
1161,2049,3984,6696=1161,2049,3984,6696$
4314,1500,8599,7818=1500,4314,7818,8599$
9215,7310,8442,2119=2119,7310,8442,9215$
4545,9318,8455,3562=3562,4545,8455,9318$
3420,7472,1826,6899=1826,3420,6899,7472$
1160,9229,7948,6025=1160,6025,7948,9229$
9846,5468,7679,1912=1912,5468,7679,9846$
5209,8172,9694,3778=3778,5209,8172,9694$
8270,9474,2787,6269=2787,6269,8270,9474$
3489,2657,8407,9415=2657,3489,8407,9415$
4782,3918,6052,8154=3918,4782,6052,8154$
1102,7724,6349,8123=1102,6349,7724,8123$
5103,4619,2921,3750=2921,3750,4619,5103$
1932,9807,5892,8937=1932,5892,8937,9807$
2973,9395,1174,3636=1174,2973,3636,9395$
4025,6844,9252,3039=3039,4025,6844,9252$
3058,5403,7175,6917=3058,5403,6917,7175$
3188,1900,6176,4812=1900,3188,4812,6176$
2501,8775,7018,1299=1299,2501,7018,8775$
4430,9968,7378,2830=2830,4430,7378,9968$
7311,6966,2507,8063=2507,6966,7311,8063$
6911,5375,4993,8176=4993,5375,6911,8176$
4530,8538,9361,5473=4530,5473,8538,9361$
6073,1042,5158,8950=1042,5158,6073,8950$
8713,7155,1321,4013=1321,4013,7155,8713$
1264,5835,7221,9519=1264,5835,7221,9519$
9979,3368,4152,2483=2483,3368,4152,9979$
1818,5764,8208,7559=1818,5764,7559,8208$
3577,5145,8536,9335=3577,5145,8536,9335$
8798,4255,9580,1446=1446,4255,8798,9580$
1754,8664,9553,7094=1754,7094,8664,9553$
6451,8198,3019,2247=2247,3019,6451,8198$
5460,3670,1627,2662=1627,2662,3670,5460$
1755,5623,8908,4929=1755,4929,5623,8908$
3847,2652,4350,5016=2652,3847,4350,5016$
6278,8099,4237,9587=4237,6278,8099,9587$
7601,1772,8693,3311=1772,3311,7601,8693$
5190,6992,8682,3721=3721,5190,6992,8682$
4357,2594,7250,8417=2594,4357,7250,8417$
6602,2089,8505,1133=1133,2089,6602,8505$
8393,3016,7484,4176=3016,4176,7484,8393$
9772,6983,5319,1469=1469,5319,6983,9772$
2524,1537,5391,8262=1537,2524,5391,8262$
1208,8289,5232,6077=1208,5232,6077,8289$
7813,9849,2148,1443=1443,2148,7813,9849$
6903,4244,7030,1974=1974,4244,6903,7030$
3713,8620,5841,1823=1823,3713,5841,8620$
5450,9002,3484,6081=3484,5450,6081,9002$
6373,4236,3864,5136=3864,4236,5136,6373$
3735,9866,8648,6228=3735,6228,8648,9866$
3938,4695,5616,2499=2499,3938,4695,5616$
9069,2945,3374,8388=2945,3374,8388,9069$
9975,8796,6783,2883=2883,6783,8796,9975$
5995,6288,3981,4089=3981,4089,5995,6288$
8778,4130,6090,7636=4130,6090,7636,8778$
8509,1300,2452,4962=1300,2452,4962,8509$
5289,6949,1935,7949=1935,5289,6949,7949$
7964,8602,4516,2691=2691,4516,7964,8602$
6514,7869,4429,9035=4429,6514,7869,9035$
5201,2445,3440,4933=2445,3440,4933,5201$
1980,4440,8669,5968=1980,4440,5968,8669$
5131,8088,9268,4676=4676,5131,8088,9268$
2660,4023,6603,5229=2660,4023,5229,6603$
5606,2279,4454,9423=2279,4454,5606,9423$
3902,2392,8092,5373=2392,3902,5373,8092$
1186,5885,6805,7175=1186,5885,6805,7175$
1645,9277,3787,7949=1645,3787,7949,9277$
1868,2344,9588,5361=1868,2344,5361,9588$
1941,3071,6207,9264=1941,3071,6207,9264$
7953,8837,3576,4433=3576,4433,7953,8837$
1503,6758,3173,5724=1503,3173,5724,6758$
8547,9993,5311,7122=5311,7122,8547,9993$
8042,5804,1119,3773=1119,3773,5804,8042$
4298,8438,6891,9278=4298,6891,8438,9278$
7469,8086,3220,5242=3220,5242,7469,8086$
3208,7183,9410,4614=3208,4614,7183,9410$
7386,4445,3217,8784=3217,4445,7386,8784$
3143,1536,2645,4163=1536,2645,3143,4163$
2096,4539,6053,3108=2096,3108,4539,6053$
4062,9043,1982,3069=1982,3069,4062,9043$
9853,5605,2036,3907=2036,3907,5605,9853$
4277,5011,6445,3616=3616,4277,5011,6445$
6125,9983,1729,7058=1729,6125,7058,9983$
9351,3049,4696,1403=1403,3049,4696,9351$
7471,3124,8996,9785=3124,7471,8996,9785$
5462,2907,1247,6883=1247,2907,5462,6883$
5182,3757,1895,8266=1895,3757,5182,8266$
2582,9253,8936,6807=2582,6807,8936,9253$
2957,1321,6804,3338=1321,2957,3338,6804$
2477,1895,6823,4275=1895,2477,4275,6823$
6929,2629,7372,3457=2629,3457,6929,7372$
2537,9560,7456,1092=1092,2537,7456,9560$
6231,5773,3686,2305=2305,3686,5773,6231$
2649,4918,1642,9018=1642,2649,4918,9018$
3452,6858,5890,4859=3452,4859,5890,6858$
2039,7284,6256,3523=2039,3523,6256,7284$
6737,5472,3312,4199=3312,4199,5472,6737$
6020,1129,8857,2371=1129,2371,6020,8857$
2598,5350,4707,6434=2598,4707,5350,6434$
2730,1024,4998,5008=1024,2730,4998,5008$
5239,3908,1535,2238=1535,2238,3908,5239$
2856,8376,5626,1270=1270,2856,5626,8376$
4544,3014,5551,9853=3014,4544,5551,9853$
4762,2939,6719,8508=2939,4762,6719,8508$
6299,5638,3383,4099=3383,4099,5638,6299$
8151,1502,7706,2813=1502,2813,7706,8151$
7965,3219,5312,4413=3219,4413,5312,7965$
3064,5245,9532,2863=2863,3064,5245,9532$
1730,7498,3198,5551=1730,3198,5551,7498$
3150,1254,7416,4804=1254,3150,4804,7416$
5283,3007,2253,1293=1293,2253,3007,5283$
3658,6430,1822,5727=1822,3658,5727,6430$
7718,5499,9469,1941=1941,5499,7718,9469$
9646,4414,7613,5809=4414,5809,7613,9646$
1481,6323,9606,4539=1481,4539,6323,9606$
8961,1877,3038,6573=1877,3038,6573,8961$
2677,3576,5219,4236=2677,3576,4236,5219$
2641,3337,6859,9478=2641,3337,6859,9478$
9170,3159,4540,8779=3159,4540,8779,9170$
8077,1609,7349,2428=1609,2428,7349,8077$
1408,5526,3854,6336=1408,3854,5526,6336$
3834,4874,2403,1208=1208,2403,3834,4874$
9234,7019,5511,8084=5511,7019,8084,9234$
8199,1733,5870,4609=1733,4609,5870,8199$
6620,2332,4545,9112=2332,4545,6620,9112$
6422,9690,7878,3621=3621,6422,7878,9690$
4326,1397,9644,8106=1397,4326,8106,9644$
7040,5322,2896,6209=2896,5322,6209,7040$
6701,7530,5346,4346=4346,5346,6701,7530$
3606,8960,6689,9212=3606,6689,8960,9212$
4942,5304,1989,2498=1989,2498,4942,5304$
3500,2339,7893,9839=2339,3500,7893,9839$
7425,1084,5199,9175=1084,5199,7425,9175$
2526,7500,8025,6184=2526,6184,7500,8025$
7333,8229,4253,9765=4253,7333,8229,9765$
7641,2755,4768,8435=2755,4768,7641,8435$
4854,3570,5888,2487=2487,3570,4854,5888$
1536,3113,6336,9303=1536,3113,6336,9303$
1277,8879,4941,3677=1277,3677,4941,8879$
3906,4715,6653,5161=3906,4715,5161,6653$
8104,5565,7042,2673=2673,5565,7042,8104$
7871,1442,2543,5496=1442,2543,5496,7871$
1188,5906,6031,8640=1188,5906,6031,8640$
9390,3516,4089,2285=2285,3516,4089,9390$
1843,2700,5408,9409=1843,2700,5408,9409$
1511,3341,7456,6524=1511,3341,6524,7456$
5088,7701,2583,6656=2583,5088,6656,7701$
1822,8958,3404,6047=1822,3404,6047,8958$
5858,2622,4769,9952=2622,4769,5858,9952$
1586,8450,6674,3836=1586,3836,6674,8450$
4040,1917,9249,7147=1917,4040,7147,9249$
6022,3393,5583,7208=3393,5583,6022,7208$
6247,7411,2652,8280=2652,6247,7411,8280$
2612,1515,5101,3874=1515,2612,3874,5101$
3919,2328,6848,9887=2328,3919,6848,9887$
8855,1668,2585,9847=1668,2585,8855,9847$
3315,1534,7075,8713=1534,3315,7075,8713$
6601,4395,1797,7383=1797,4395,6601,7383$
2150,3691,5443,4006=2150,3691,4006,5443$
